"country"	"danceability"	"energy"	"loudness"	"speechiness"	"acousticness"	"instrumentalness"	"liveness"	"valence"	"tempo"	"track.duration_ms"
"1"	"Turkey"	0.801	0.688	-6.62	0.113	0.278	0.00888	0.15	0.41	158.003	154251
"2"	"Turkey"	0.743	0.68	-4.344	0.103	0.113	0.123	0.183	0.694	180.059	196583
"3"	"Turkey"	0.628	0.725	-7.387	0.11	0.0266	0	0.0549	0.458	173.952	269002
"4"	"Turkey"	0.81	0.631	-7.855	0.327	0.117	0	0.119	0.407	144.978	185566
"5"	"Turkey"	0.825	0.593	-6.401	0.0988	0.688	0.000161	0.17	0.54	98.078	209754
"6"	"Turkey"	0.54	0.418	-15.57	0.0761	0.19	0.685	0.198	0.189	91.042	199958
"7"	"Turkey"	0.81	0.582	-6.527	0.0654	0.111	3e-04	0.116	0.31	109.983	194381
"8"	"Turkey"	0.69	0.562	-8.272	0.0728	0.499	0.531	0.141	0.652	159.986	196000
"9"	"Turkey"	0.881	0.75	-6.341	0.2	0.413	0	0.0974	0.461	101.035	194586
"10"	"Turkey"	0.53	0.723	-7.012	0.158	0.186	0	0.1	0.537	75.717	175960
"11"	"Turkey"	0.793	0.603	-7.314	0.088	0.187	0.00182	0.0756	0.566	140.074	170114
"12"	"Turkey"	0.893	0.63	-5.769	0.159	0.254	0	0.116	0.434	123.029	191504
"13"	"Turkey"	0.745	0.515	-9.197	0.506	0.331	0	0.0987	0.496	151.844	195789
"14"	"Turkey"	0.668	0.638	-5.341	0.047	0.125	0.00027	0.133	0.507	159.979	281330
"15"	"Turkey"	0.651	0.776	-6.334	0.0378	0.103	0	0.149	0.317	126.951	310279
"16"	"Turkey"	0.533	0.541	-7.854	0.0252	0.217	4.39e-06	0.11	0.335	144.135	197967
"17"	"Turkey"	0.769	0.556	-5.375	0.082	0.115	0.000294	0.117	0.607	149.972	194772
"18"	"Turkey"	0.582	0.643	-8.26	0.0388	0.122	0.000493	0.109	0.349	180.033	244307
"19"	"Turkey"	0.777	0.445	-9.798	0.231	0.514	0.00552	0.27	0.456	148.02	264205
"20"	"Turkey"	0.759	0.548	-6.049	0.029	0.0392	0	0.0828	0.749	116.967	190799
"21"	"Turkey"	0.701	0.425	-10.965	0.375	0.328	0.13	0.1	0.562	135.128	194087
"22"	"Turkey"	0.703	0.931	-3.191	0.0507	0.0934	0	0.342	0.642	90.017	260789
"23"	"Turkey"	0.699	0.624	-5.63	0.0374	0.184	0	0.0782	0.325	142.924	295962
"24"	"Turkey"	0.355	0.682	-8.802	0.147	0.529	0.129	0.123	0.463	170.636	234597
"25"	"Turkey"	0.649	0.844	-5.349	0.0687	0.482	0.000307	0.16	0.928	165.951	183457
"26"	"Turkey"	0.762	0.577	-6.768	0.0521	0.406	0	0.0936	0.533	130.08	185782
"27"	"Turkey"	0.605	0.519	-6.501	0.0322	0.372	0.0947	0.0711	0.105	139.99	232133
"28"	"Turkey"	0.621	0.521	-9.526	0.256	0.568	0	0.133	0.466	78.45	227253
"29"	"Turkey"	0.878	0.44	-7.476	0.0955	0.0945	0	0.127	0.129	143.952	257229
"30"	"Turkey"	0.698	0.422	-7.899	0.0598	0.66	0	0.142	0.142	75.803	184857
"31"	"Turkey"	0.557	0.683	-9.298	0.0471	0.562	0.897	0.107	0.543	91.965	144906
"32"	"Turkey"	0.611	0.616	-9.604	0.0529	0.136	3.61e-05	0.112	0.653	169.997	344480
"33"	"Turkey"	0.843	0.391	-7.899	0.0845	0.181	0	0.137	0.496	129.972	160626
"34"	"Turkey"	0.659	0.54	-4.362	0.039	0.107	0	0.176	0.346	130.048	159865
"35"	"Turkey"	0.711	0.735	-6.521	0.0986	0.0618	0	0.134	0.67	84.042	270546
"36"	"Turkey"	0.712	0.563	-8.35	0.164	0.139	0	0.116	0.513	165.076	170343
"37"	"Turkey"	0.674	0.719	-4.775	0.12	0.537	0	0.139	0.605	84.974	200823
"38"	"Turkey"	0.904	0.462	-12.017	0.295	0.138	0	0.139	0.692	90.022	206693
"39"	"Turkey"	0.943	0.846	-4.025	0.212	0.0889	0	0.113	0.699	136.093	213841
"40"	"Turkey"	0.704	0.225	-14.454	0.0994	0.902	0.657	0.106	0.243	120.006	245425
"41"	"Turkey"	0.811	0.672	-7.548	0.386	0.217	0.002	0.156	0.274	149.953	159722
"42"	"Turkey"	0.42	0.191	-16.84	0.0655	0.625	0	0.0849	0.677	91.015	165098
"43"	"Turkey"	0.84	0.458	-10.108	0.0611	0.131	0	0.152	0.146	116.975	231862
"44"	"Turkey"	0.865	0.75	-8.535	0.196	0.197	1.48e-05	0.0941	0.589	126.959	186776
"45"	"Turkey"	0.64	0.681	-7.962	0.152	0.408	0	0.0925	0.298	129.805	851870
"46"	"Turkey"	0.947	0.574	-6.687	0.132	0.00693	1.32e-05	0.0693	0.303	124.974	243832
"47"	"Turkey"	0.772	0.651	-6.052	0.0398	0.311	0	0.0686	0.873	93.53	150106
"48"	"Turkey"	0.777	0.668	-6.088	0.174	0.241	0	0.311	0.544	149.956	254000
"49"	"Turkey"	0.578	0.541	-8.999	0.0559	0.135	0	0.169	0.439	160.086	239014
"50"	"Turkey70s"	0.387	0.27	-16.44	0.0295	0.221	4.24e-06	0.0721	0.268	83.287	215693
"51"	"Turkey70s"	0.654	0.533	-9.426	0.0309	0.532	7.85e-06	0.151	0.695	127.49	222693
"52"	"Turkey70s"	0.587	0.529	-10.592	0.0311	0.342	0	0.275	0.625	119.103	199173
"53"	"Turkey70s"	0.488	0.457	-10.504	0.0875	0.495	0	0.23	0.578	85.171	170062
"54"	"Turkey70s"	0.558	0.592	-8.445	0.0647	0.323	1.36e-05	0.0699	0.94	101.53	186800
"55"	"Turkey70s"	0.317	0.568	-7.186	0.04	0.768	0.000702	0.481	0.434	110.574	223240
"56"	"Turkey70s"	0.488	0.332	-9.558	0.0399	0.987	0.00164	0.126	0.446	131.859	120626
"57"	"Turkey70s"	0.602	0.564	-9.101	0.0298	0.464	1.14e-05	0.106	0.861	103.692	246093
"58"	"Turkey70s"	0.7	0.547	-11.21	0.0694	0.409	2.12e-05	0.0761	0.9	106.801	168293
"59"	"Turkey70s"	0.409	0.57	-6.834	0.0395	0.685	0.292	0.137	0.538	115.682	321240
"60"	"Turkey70s"	0.369	0.411	-12.485	0.0302	0.798	0.00783	0.577	0.387	92.385	205453
"61"	"Turkey70s"	0.477	0.789	-5.426	0.0699	0.537	0	0.325	0.856	87.798	210560
"62"	"Turkey70s"	0.568	0.631	-10.995	0.152	0.0573	0	0.698	0.634	97.543	219986
"63"	"Turkey70s"	0.514	0.651	-9.911	0.0725	0.18	0	0.188	0.668	127.418	162168
"64"	"Turkey70s"	0.743	0.938	-7.186	0.196	0.1	0	0.113	0.666	110.505	165250
"65"	"Turkey70s"	0.635	0.457	-11.208	0.0506	0.809	0	0.28	0.728	131.985	211066
"66"	"Turkey70s"	0.562	0.667	-7.031	0.0407	0.364	0	0.121	0.626	102.639	180213
"67"	"Turkey70s"	0.576	0.736	-5.164	0.0489	0.689	0	0.273	0.82	115.93	235146
"68"	"Turkey70s"	0.541	0.355	-15.498	0.0678	0.0587	0.0436	0.0514	0.635	200.333	303426
"69"	"Turkey70s"	0.7	0.851	-7.741	0.0657	0.804	6.96e-06	0.374	0.915	122.1	174124
"70"	"Turkey70s"	0.767	0.698	-8.296	0.0323	0.587	2.37e-06	0.191	0.827	114.332	166582
"71"	"Turkey70s"	0.65	0.674	-9.529	0.0993	0.163	0	0.101	0.697	125.866	161720
"72"	"Turkey70s"	0.461	0.431	-7.332	0.0406	0.916	1.58e-06	0.111	0.57	151.985	113056
"73"	"Turkey70s"	0.62	0.62	-7.66	0.0516	0.681	0	0.358	0.795	134.613	185466
"74"	"Turkey70s"	0.299	0.526	-12.091	0.323	0.558	5.57e-05	0.0801	0.663	197.677	298253
"75"	"Turkey70s"	0.693	0.873	-3.846	0.192	0.389	0	0.101	0.965	106.392	142388
"76"	"Turkey70s"	0.626	0.266	-9.526	0.045	0.652	0	0.359	0.312	101.139	247693
"77"	"Turkey70s"	0.318	0.388	-6.864	0.0443	0.849	0	0.118	0.385	79.169	248475
"78"	"Turkey70s"	0.542	0.602	-9.917	0.0674	0.339	0	0.253	0.77	96.619	189626
"79"	"Turkey70s"	0.27	0.256	-13.639	0.0322	0.822	0.00695	0.144	0.437	90.74	284000
"80"	"Turkey70s"	0.406	0.261	-12.098	0.0356	0.987	0.422	0.111	0.426	124.094	211748
"81"	"Turkey70s"	0.583	0.877	-6.075	0.0467	0.148	0.00045	0.815	0.866	111.824	219382
"82"	"Turkey70s"	0.392	0.615	-6.403	0.0485	0.836	0.000143	0.213	0.348	91.999	175442
"83"	"Turkey70s"	0.399	0.496	-7.763	0.0509	0.905	0.00786	0.26	0.62	113.625	206725
"84"	"Turkey70s"	0.379	0.665	-10.475	0.0446	0.204	0.321	0.313	0.616	177.905	266466
"85"	"Turkey70s"	0.56	0.814	-6.541	0.124	0.764	1.02e-05	0.15	0.694	90.448	135573
"86"	"Turkey70s"	0.5	0.406	-10.25	0.0305	0.94	9.2e-06	0.284	0.615	103.913	268004
"87"	"Turkey70s"	0.449	0.441	-12.827	0.054	0.764	1.74e-05	0.277	0.831	130.346	191796
"88"	"Turkey70s"	0.251	0.539	-6.669	0.0313	0.902	0.000117	0.583	0.507	98.262	202946
"89"	"Turkey70s"	0.393	0.486	-15.114	0.0707	0.951	0.00352	0.11	0.577	80.514	288500
"90"	"Turkey70s"	0.327	0.391	-11.958	0.0412	0.787	0.208	0.128	0.0958	130.116	247666
"91"	"Turkey70s"	0.562	0.621	-7.929	0.0485	0.0459	0.000139	0.108	0.576	129.781	198786
"92"	"Turkey70s"	0.326	0.46	-8.417	0.0376	0.453	0	0.369	0.63	86.155	197416
"93"	"Turkey70s"	0.558	0.667	-8.061	0.0482	0.623	2.08e-05	0.263	0.635	124.425	208039
"94"	"Turkey70s"	0.591	0.574	-6.643	0.0623	0.718	0.000744	0.196	0.759	123.828	165626
"95"	"Turkey70s"	0.257	0.516	-7.072	0.0861	0.174	0.132	0.136	0.251	64.757	270851
"96"	"Turkey70s"	0.208	0.467	-10.217	0.0413	0.974	0.00595	0.105	0.432	177.778	222911
"97"	"Turkey70s"	0.409	0.361	-14.653	0.0428	0.453	0.099	0.15	0.223	117.522	237633
"98"	"Turkey70s"	0.606	0.648	-8.344	0.0573	0.804	0.0761	0.129	0.778	125.493	188306
"99"	"Turkey70s"	0.337	0.481	-8.861	0.0354	0.841	0.0058	0.448	0.267	129.344	210933
"100"	"Turkey80s"	0.395	0.675	-5.881	0.0472	0.649	0	0.0963	0.496	177.053	259360
"101"	"Turkey80s"	0.742	0.186	-16.82	0.0449	0.822	0	0.162	0.57	114.982	257044
"102"	"Turkey80s"	0.469	0.486	-15.076	0.0427	0.149	1.21e-05	0.123	0.595	130.737	239266
"103"	"Turkey80s"	0.534	0.739	-4.654	0.12	0.668	0	0.233	0.505	103.252	229266
"104"	"Turkey80s"	0.393	0.568	-11.864	0.0728	0.638	3.4e-06	0.32	0.591	83.395	328773
"105"	"Turkey80s"	0.448	0.5	-9.679	0.0359	0.505	0	0.311	0.597	111.861	213000
"106"	"Turkey80s"	0.463	0.438	-10.917	0.0261	0.869	9.14e-06	0.105	0.341	147.666	192552
"107"	"Turkey80s"	0.478	0.579	-14.609	0.0979	0.385	0	0.471	0.912	166.848	247000
"108"	"Turkey80s"	0.267	0.749	-8.092	0.118	0.334	0.0191	0.0944	0.324	97.788	245506
"109"	"Turkey80s"	0.555	0.896	-8.561	0.135	0.483	0	0.339	0.923	135.566	349160
"110"	"Turkey80s"	0.301	0.577	-11.364	0.0438	0.46	1.65e-06	0.418	0.36	79.954	242560
"111"	"Turkey80s"	0.274	0.261	-16.382	0.0414	0.214	0	0.1	0.485	168.223	210714
"112"	"Turkey80s"	0.573	0.621	-12.466	0.0516	0.46	1.97e-06	0.158	0.628	88.035	289666
"113"	"Turkey80s"	0.581	0.507	-9.778	0.031	0.766	0	0.105	0.533	165.761	288106
"114"	"Turkey80s"	0.62	0.285	-18.246	0.0793	0.0186	0.387	0.146	0.456	82.572	309000
"115"	"Turkey80s"	0.495	0.513	-12.279	0.0717	0.677	0	0.461	0.689	92.45	139389
"116"	"Turkey80s"	0.27	0.384	-14.961	0.0798	0.0639	0.000618	0.117	0.41	175.59	271920
"117"	"Turkey80s"	0.335	0.42	-14.126	0.0477	0.648	0	0.235	0.489	167.912	329173
"118"	"Turkey80s"	0.295	0.569	-5.845	0.0313	0.0484	0	0.148	0.378	162.735	265653
"119"	"Turkey80s"	0.57	0.888	-4.204	0.142	0.734	0.0533	0.474	0.868	133.555	210500
"120"	"Turkey80s"	0.507	0.734	-11.001	0.108	0.0757	2.41e-05	0.277	0.725	147.682	188626
"121"	"Turkey80s"	0.621	0.258	-17.339	0.0352	0.852	0.0027	0.188	0.516	103.645	541535
"122"	"Turkey80s"	0.533	0.632	-7.707	0.0304	0.51	0.000428	0.308	0.535	121.845	340776
"123"	"Turkey80s"	0.419	0.695	-5.497	0.0558	0.766	0.000254	0.357	0.715	176.554	193666
"124"	"Turkey80s"	0.319	0.566	-9.925	0.104	0.125	6.48e-06	0.349	0.35	100.274	287400
"125"	"Turkey80s"	0.325	0.557	-8.974	0.0498	0.85	0	0.238	0.429	69.835	343106
"126"	"Turkey80s"	0.378	0.569	-11.009	0.0522	0.341	3.2e-06	0.0627	0.608	172.923	291466
"127"	"Turkey80s"	0.525	0.755	-6.603	0.0697	0.532	5.83e-05	0.323	0.638	120.258	212439
"128"	"Turkey80s"	0.353	0.672	-5.795	0.04	0.317	3.05e-05	0.0962	0.523	168.299	269640
"129"	"Turkey80s"	0.541	0.183	-19.554	0.0384	0.685	2.96e-05	0.0989	0.275	113.575	256859
"130"	"Turkey80s"	0.484	0.813	-7.252	0.0609	0.0116	0	0.139	0.8	121.327	250333
"131"	"Turkey80s"	0.411	0.447	-9.374	0.0338	0.881	0	0.394	0.55	116.088	349520
"132"	"Turkey80s"	0.51	0.485	-10.475	0.0453	0.372	0	0.298	0.473	94.091	148160
"133"	"Turkey80s"	0.478	0.345	-8.609	0.0348	0.811	9.55e-06	0.121	0.182	105.768	209733
"134"	"Turkey80s"	0.274	0.399	-8.009	0.0353	0.685	8.33e-05	0.232	0.374	168.274	239933
"135"	"Turkey80s"	0.525	0.193	-18.782	0.0333	0.68	0	0.147	0.462	94.389	238533
"136"	"Turkey80s"	0.576	0.263	-17.049	0.0373	0.799	0.00702	0.118	0.617	82.46	207447
"137"	"Turkey80s"	0.773	0.458	-11.081	0.197	0.591	8.36e-05	0.381	0.968	95.414	192654
"138"	"Turkey80s"	0.332	0.399	-15.233	0.0857	0.643	0	0.0724	0.572	173.138	247286
"139"	"Turkey80s"	0.192	0.528	-6.472	0.0349	0.731	0	0.101	0.227	74.72	238573
"140"	"Turkey80s"	0.336	0.231	-16.042	0.0357	0.933	0.000217	0.165	0.118	102.21	268200
"141"	"Turkey80s"	0.626	0.294	-10.123	0.031	0.766	0.0348	0.11	0.341	135.031	157775
"142"	"Turkey80s"	0.312	0.423	-13.788	0.122	0.542	0	0.0994	0.326	81.328	188293
"143"	"Turkey80s"	0.652	0.555	-9.422	0.051	0.0284	0	0.104	0.602	115.686	178679
"144"	"Turkey80s"	0.524	0.929	-4.179	0.106	0.753	0.0117	0.439	0.611	133.463	222983
"145"	"Turkey80s"	0.585	0.504	-9.197	0.0324	0.739	0	0.553	0.715	123.149	177569
"146"	"Turkey80s"	0.554	0.368	-20.138	0.0692	0.273	0	0.295	0.334	159.417	196704
"147"	"Turkey80s"	0.452	0.59	-8.036	0.0648	0.51	0	0.2	0.708	92.177	249453
"148"	"Turkey80s"	0.524	0.37	-14.946	0.1	0.417	1.07e-05	0.161	0.176	144.03	276933
"149"	"Turkey80s"	0.581	0.564	-8.388	0.0335	0.19	3.83e-06	0.331	0.634	141.609	335533
"150"	"Turkey90s"	0.702	0.531	-8.167	0.0486	0.362	0	0.1	0.761	92.976	228826
"151"	"Turkey90s"	0.798	0.587	-12.339	0.0583	0.345	0	0.134	0.431	128.997	287866
"152"	"Turkey90s"	0.723	0.942	-7.141	0.169	0.435	0	0.151	0.66	114.943	210840
"153"	"Turkey90s"	0.528	0.403	-10.816	0.0286	0.8	2.49e-05	0.146	0.291	109.964	288773
"154"	"Turkey90s"	0.834	0.772	-12.436	0.107	0.149	0	0.0276	0.942	103.068	258906
"155"	"Turkey90s"	0.682	0.426	-14.208	0.0993	0.371	0	0.0863	0.922	87.88	233613
"156"	"Turkey90s"	0.752	0.814	-6.787	0.103	0.0315	2.64e-06	0.0858	0.762	119.026	250306
"157"	"Turkey90s"	0.702	0.874	-9.863	0.0601	0.168	2.15e-05	0.129	0.87	95.036	236360
"158"	"Turkey90s"	0.858	0.501	-8.946	0.0646	0.206	1.46e-05	0.045	0.916	112.134	147026
"159"	"Turkey90s"	0.612	0.876	-5.993	0.0457	0.174	1.2e-06	0.116	0.955	92.13	185264
"160"	"Turkey90s"	0.552	0.706	-8.785	0.0444	0.0796	0	0.046	0.391	79.991	260066
"161"	"Turkey90s"	0.658	0.582	-13.577	0.0658	0.0301	0	0.0708	0.811	134.368	269160
"162"	"Turkey90s"	0.808	0.518	-13.144	0.0301	0.556	3.52e-06	0.2	0.871	123.894	223000
"163"	"Turkey90s"	0.556	0.541	-9.265	0.0267	0.0661	0	0.0894	0.455	82.033	288080
"164"	"Turkey90s"	0.475	0.343	-14.213	0.0299	0.189	0	0.367	0.384	80.038	280000
"165"	"Turkey90s"	0.524	0.565	-13.679	0.204	0.337	0	0.103	0.341	104.999	292426
"166"	"Turkey90s"	0.714	0.632	-7.014	0.0504	0.396	2.81e-06	0.0584	0.746	91.978	260666
"167"	"Turkey90s"	0.76	0.73	-11.125	0.136	0.194	0	0.0367	0.942	148.077	229773
"168"	"Turkey90s"	0.712	0.417	-16.229	0.0779	0.446	0.000275	0.0956	0.776	90.053	236640
"169"	"Turkey90s"	0.668	0.697	-12.993	0.0346	0.0249	0	0.236	0.671	132.055	227066
"170"	"Turkey90s"	0.666	0.454	-14.869	0.0321	0.453	1.6e-05	0.101	0.803	92.058	277866
"171"	"Turkey90s"	0.678	0.871	-8.362	0.0961	0.468	1.07e-06	0.035	0.946	135.992	261093
"172"	"Turkey90s"	0.557	0.702	-9.006	0.0412	0.0471	7.5e-06	0.21	0.633	149.891	301813
"173"	"Turkey90s"	0.652	0.706	-13.407	0.0436	0.0158	0	0.0843	0.892	91.024	235171
"174"	"Turkey90s"	0.489	0.331	-11.098	0.0384	0.645	0	0.225	0.509	137.396	295226
"175"	"Turkey90s"	0.526	0.936	-10.295	0.0616	0.379	3.14e-05	0.0653	0.966	185.368	322666
"176"	"Turkey90s"	0.736	0.752	-12.295	0.0509	0.101	0	0.0524	0.874	92.005	222333
"177"	"Turkey90s"	0.643	0.648	-12.451	0.0313	0.0587	0	0.102	0.828	96.187	172133
"178"	"Turkey90s"	0.689	0.757	-11.455	0.178	0.0648	4.82e-06	0.0903	0.914	129.616	248842
"179"	"Turkey90s"	0.745	0.649	-8.681	0.0357	0.364	0	0.18	0.963	96.216	169795
"180"	"Turkey90s"	0.667	0.568	-9.659	0.0417	0.332	0	0.102	0.641	88.996	244533
"181"	"Turkey90s"	0.689	0.493	-9.084	0.0309	0.585	0	0.102	0.449	112.042	226400
"182"	"Turkey90s"	0.444	0.324	-18.183	0.0482	0.194	0	0.0667	0.471	190.971	297533
"183"	"Turkey90s"	0.743	0.613	-14.639	0.0419	0.447	5.06e-06	0.139	0.9	95.986	267990
"184"	"Turkey90s"	0.646	0.373	-12.727	0.0274	0.815	0.00523	0.0858	0.282	113.663	292733
"185"	"Turkey90s"	0.529	0.608	-8.007	0.0426	0.714	1.06e-06	0.0857	0.38	135.999	324760
"186"	"Turkey90s"	0.574	0.215	-16.316	0.0327	0.866	1.3e-06	0.127	0.294	95.742	267533
"187"	"Turkey90s"	0.697	0.286	-14.804	0.0377	0.587	5.95e-06	0.0871	0.428	80.14	273920
"188"	"Turkey90s"	0.392	0.952	-6.554	0.327	0.262	0	0.328	0.579	169.084	262000
"189"	"Turkey90s"	0.556	0.388	-15.34	0.174	0.544	0	0.151	0.63	119.813	213028
"190"	"Turkey90s"	0.495	0.887	-6.777	0.233	0.625	0	0.321	0.661	182.236	270426
"191"	"Turkey90s"	0.685	0.639	-9.558	0.0494	0.621	3.76e-06	0.0748	0.698	101.945	333717
"192"	"Turkey90s"	0.702	0.663	-10.365	0.0655	0.109	0	0.0509	0.579	100.03	292000
"193"	"Turkey90s"	0.582	0.734	-6.757	0.0446	0.488	2.26e-06	0.0693	0.704	80.064	277342
"194"	"Turkey90s"	0.745	0.637	-8.031	0.0354	0.208	0	0.09	0.855	133.969	252253
"195"	"Turkey90s"	0.355	0.392	-5.323	0.0295	0.896	0.000137	0.34	0.218	150.354	227120
"196"	"Turkey90s"	0.591	0.475	-14.165	0.0442	0.11	0	0.602	0.853	170.054	221100
"197"	"Turkey90s"	0.726	0.639	-9.457	0.0772	0.595	0	0.287	0.628	143.991	251425
"198"	"Turkey90s"	0.403	0.369	-13.828	0.0496	0.627	0	0.133	0.394	79.389	278933
"199"	"Turkey90s"	0.741	0.718	-6.429	0.125	0.562	0	0.269	0.852	96.069	217573
"200"	"Turkey2000s"	0.724	0.833	-5.863	0.101	0.611	0	0.168	0.92	120.054	200960
"201"	"Turkey2000s"	0.548	0.532	-8.758	0.0264	0.115	1.42e-05	0.125	0.369	124.053	266186
"202"	"Turkey2000s"	0.46	0.783	-3.28	0.0393	0.184	0	0.314	0.508	155.924	254026
"203"	"Turkey2000s"	0.588	0.774	-4.099	0.0709	0.144	0	0.221	0.546	89.983	240187
"204"	"Turkey2000s"	0.651	0.624	-9.199	0.0373	0.0284	0	0.128	0.255	122.012	288680
"205"	"Turkey2000s"	0.769	0.621	-8.958	0.193	0.0411	0.000107	0.282	0.4	93.972	295826
"206"	"Turkey2000s"	0.67	0.807	-6.305	0.0558	0.127	0	0.138	0.901	86.035	229511
"207"	"Turkey2000s"	0.455	0.592	-9.342	0.0389	0.0818	0.00221	0.2	0.499	171.937	393531
"208"	"Turkey2000s"	0.711	0.744	-6.842	0.0307	0.226	0.000549	0.249	0.888	127.035	250293
"209"	"Turkey2000s"	0.709	0.8	-6.198	0.0578	0.288	4.62e-06	0.148	0.828	95.993	235773
"210"	"Turkey2000s"	0.568	0.531	-9.676	0.0449	0.464	1.87e-05	0.103	0.494	83.987	214180
"211"	"Turkey2000s"	0.592	0.56	-10.235	0.0553	0.343	4.29e-06	0.11	0.457	80.072	200320
"212"	"Turkey2000s"	0.756	0.639	-5.93	0.0631	0.000859	3.81e-06	0.0498	0.961	101.02	232280
"213"	"Turkey2000s"	0.475	0.85	-6.435	0.0405	0.00865	5.85e-05	0.315	0.597	149.969	175666
"214"	"Turkey2000s"	0.745	0.934	-6.57	0.0498	0.00212	0.0237	0.593	0.629	119.985	237240
"215"	"Turkey2000s"	0.63	0.868	-5.275	0.0286	0.0307	2.95e-06	0.246	0.568	135	236040
"216"	"Turkey2000s"	0.435	0.469	-7.855	0.0435	0.505	1.66e-06	0.115	0.321	80.124	264228
"217"	"Turkey2000s"	0.436	0.394	-8.05	0.0337	0.813	0	0.112	0.572	169.891	201973
"218"	"Turkey2000s"	0.687	0.641	-9.21	0.0296	0.215	0	0.0794	0.805	145.004	238050
"219"	"Turkey2000s"	0.627	0.538	-6.79	0.0246	0.459	0	0.123	0.204	100.038	270280
"220"	"Turkey2000s"	0.586	0.89	-1.988	0.0369	0.012	0.00508	0.114	0.426	119.062	204320
"221"	"Turkey2000s"	0.264	0.482	-7.711	0.0372	0.461	6.42e-05	0.151	0.185	51.722	284398
"222"	"Turkey2000s"	0.679	0.837	-6.812	0.0408	0.116	0.00502	0.133	0.797	97.011	196066
"223"	"Turkey2000s"	0.695	0.725	-7.985	0.0372	0.455	5.51e-06	0.16	0.536	98.969	225990
"224"	"Turkey2000s"	0.598	0.7	-9.757	0.128	0.141	1.24e-05	0.0535	0.777	180.013	231800
"225"	"Turkey2000s"	0.766	0.852	-6.125	0.0426	0.0962	1.85e-05	0.125	0.824	103.03	228386
"226"	"Turkey2000s"	0.49	0.559	-6.396	0.146	0.685	0	0.118	0.298	78.253	247546
"227"	"Turkey2000s"	0.804	0.638	-6.696	0.0709	0.00207	0.00322	0.132	0.734	129.832	252333
"228"	"Turkey2000s"	0.635	0.814	-7.595	0.0432	0.137	0.00136	0.345	0.641	152.013	443893
"229"	"Turkey2000s"	0.552	0.816	-5.097	0.108	0.15	0	0.116	0.417	146.016	322600
"230"	"Turkey2000s"	0.749	0.639	-5.689	0.0265	0.441	1.97e-06	0.129	0.41	110.02	323407
"231"	"Turkey2000s"	0.656	0.631	-7.758	0.0472	0.313	2.06e-06	0.352	0.622	84.008	215144
"232"	"Turkey2000s"	0.776	0.731	-6.718	0.206	0.182	0	0.323	0.597	93.998	301960
"233"	"Turkey2000s"	0.616	0.376	-8.898	0.0239	0.524	0.000821	0.0831	0.0883	105.026	253973
"234"	"Turkey2000s"	0.553	0.544	-6.867	0.0263	0.242	0	0.111	0.484	91.941	274041
"235"	"Turkey2000s"	0.518	0.676	-5.382	0.0272	0.168	1.24e-06	0.436	0.6	100.056	269506
"236"	"Turkey2000s"	0.613	0.818	-3.651	0.129	0.0733	7.61e-06	0.0471	0.711	79.987	202426
"237"	"Turkey2000s"	0.639	0.852	-7.941	0.0472	0.0146	0.000396	0.162	0.775	132.946	284466
"238"	"Turkey2000s"	0.637	0.614	-6.125	0.0896	0.372	0	0.326	0.711	81.954	237786
"239"	"Turkey2000s"	0.724	0.779	-6.831	0.04	0.0136	7.07e-05	0.105	0.767	125.012	225386
"240"	"Turkey2000s"	0.714	0.814	-7.01	0.0295	0.00136	0.000103	0.0808	0.439	125.009	298346
"241"	"Turkey2000s"	0.703	0.675	-8.347	0.0645	0.0867	0	0.185	0.627	94.017	279875
"242"	"Turkey2000s"	0.682	0.661	-8.997	0.0554	0.308	4.52e-05	0.0742	0.65	92.032	249939
"243"	"Turkey2000s"	0.728	0.843	-4.802	0.101	0.0537	0	0.0924	0.919	87.017	278720
"244"	"Turkey2000s"	0.676	0.679	-7.457	0.0282	0.112	0	0.0716	0.632	92.982	229000
"245"	"Turkey2000s"	0.695	0.471	-6.21	0.0298	0.485	0	0.098	0.519	111.966	297430
"246"	"Turkey2000s"	0.703	0.868	-5.141	0.0702	0.408	0	0.193	0.772	90.943	230640
"247"	"Turkey2000s"	0.618	0.679	-7.234	0.0302	0.377	1.57e-05	0.0996	0.64	92.996	226320
"248"	"Turkey2000s"	0.55	0.772	-4.828	0.0389	0.153	0	0.0827	0.713	142.076	274106
"249"	"Turkey2000s"	0.685	0.763	-6.54	0.0839	0.00443	0.000164	0.217	0.418	90.01	260713
"250"	"Turkey2010s"	0.654	0.844	-5.311	0.078	0.44	6.47e-06	0.0791	0.663	125.049	260413
"251"	"Turkey2010s"	0.492	0.866	-5.101	0.0342	0.000449	0.00648	0.178	0.632	131.309	277328
"252"	"Turkey2010s"	0.63	0.868	-5.275	0.0286	0.0307	2.95e-06	0.246	0.568	135	236040
"253"	"Turkey2010s"	0.713	0.851	-5.341	0.0899	0.0333	0	0.275	0.701	129.95	219594
"254"	"Turkey2010s"	0.489	0.884	-4.716	0.0567	0.191	0	0.0806	0.808	183.892	219872
"255"	"Turkey2010s"	0.756	0.884	-3.735	0.0796	0.2	6.62e-06	0.399	0.55	123.009	226010
"256"	"Turkey2010s"	0.825	0.4	-12.626	0.0456	0.49	0	0.0981	0.838	106	224716
"257"	"Turkey2010s"	0.591	0.733	-5.261	0.0278	0.013	0	0.0508	0.669	135.013	244645
"258"	"Turkey2010s"	0.788	0.655	-5.793	0.0497	0.381	0	0.291	0.581	112.985	264124
"259"	"Turkey2010s"	0.633	0.923	-4.506	0.0641	0.218	1.01e-06	0.11	0.501	100.003	198577
"260"	"Turkey2010s"	0.695	0.93	-4.832	0.044	0.0582	7.67e-06	0.0362	0.608	130.012	278853
"261"	"Turkey2010s"	0.538	0.84	-6.382	0.0609	0.227	0	0.129	0.718	140.018	255346
"262"	"Turkey2010s"	0.692	0.518	-9.391	0.0407	0.0183	0	0.284	0.326	98.02	210232
"263"	"Turkey2010s"	0.655	0.659	-10.277	0.0342	0.238	6.07e-05	0.0758	0.738	126.007	229800
"264"	"Turkey2010s"	0.651	0.891	-5.416	0.0519	0.268	0.0115	0.285	0.697	93.011	237139
"265"	"Turkey2010s"	0.71	0.768	-4.684	0.036	0.0874	0	0.138	0.564	128.009	263680
"266"	"Turkey2010s"	0.675	0.828	-6.571	0.0438	0.143	0.000161	0.336	0.927	128.053	235453
"267"	"Turkey2010s"	0.706	0.877	-6.668	0.0587	0.000985	0	0.323	0.69	127.06	279386
"268"	"Turkey2010s"	0.755	0.788	-5.029	0.128	0.265	0	0.156	0.566	96.994	186026
"269"	"Turkey2010s"	0.662	0.784	-5.193	0.0321	0.118	0.000923	0.133	0.723	98.005	250218
"270"	"Turkey2010s"	0.467	0.695	-5.78	0.026	0.00118	1.39e-05	0.19	0.314	96.288	248933
"271"	"Turkey2010s"	0.592	0.714	-6.363	0.055	0.023	9.36e-06	0.101	0.387	134.999	297168
"272"	"Turkey2010s"	0.662	0.855	-4.779	0.104	0.462	0	0.154	0.776	92.006	232338
"273"	"Turkey2010s"	0.733	0.873	-4.858	0.0549	0.0808	7.37e-05	0.575	0.673	99.988	236973
"274"	"Turkey2010s"	0.66	0.577	-5.457	0.0303	0.614	0	0.0953	0.362	106.968	235676
"275"	"Turkey2010s"	0.824	0.764	-4.199	0.0318	0.00918	1.28e-06	0.11	0.961	124.029	219585
"276"	"Turkey2010s"	0.583	0.383	-11.445	0.037	0.228	2.99e-05	0.134	0.39	136.151	242648
"277"	"Turkey2010s"	0.714	0.855	-6.671	0.0516	0.442	6.56e-06	0.105	0.799	96.016	226626
"278"	"Turkey2010s"	0.508	0.898	-7.347	0.113	0.116	3.7e-05	0.214	0.602	183.825	233466
"279"	"Turkey2010s"	0.635	0.589	-7.726	0.0382	0.0676	4.07e-06	0.0369	0.462	129.96	302480
"280"	"Turkey2010s"	0.404	0.427	-9.561	0.0389	0.659	0	0.113	0.44	120.172	237540
"281"	"Turkey2010s"	0.579	0.834	-7.124	0.0461	0.0624	0	0.248	0.545	73.054	192679
"282"	"Turkey2010s"	0.687	0.49	-7.637	0.0292	0.763	0	0.273	0.64	114.123	277137
"283"	"Turkey2010s"	0.476	0.655	-9.771	0.0848	0.581	0	0.118	0.741	188.013	270693
"284"	"Turkey2010s"	0.462	0.702	-4.033	0.0308	0.0848	0	0.183	0.328	150.078	281140
"285"	"Turkey2010s"	0.741	0.604	-6.801	0.0778	0.137	0	0.111	0.811	89.989	224626
"286"	"Turkey2010s"	0.705	0.93	-4.069	0.0398	0.00685	0.000189	0.315	0.96	130.027	251480
"287"	"Turkey2010s"	0.592	0.677	-7.899	0.208	0.429	0	0.0781	0.679	167.743	211127
"288"	"Turkey2010s"	0.691	0.448	-10.675	0.0249	0.41	0.00169	0.117	0.559	112.093	272169
"289"	"Turkey2010s"	0.704	0.876	-6.352	0.0902	0.0229	1.29e-05	0.0817	0.597	128.012	262680
"290"	"Turkey2010s"	0.633	0.855	-6.034	0.122	0.391	0	0.116	0.551	90.033	286386
"291"	"Turkey2010s"	0.591	0.938	-4.661	0.0562	0.16	0.000141	0.111	0.742	93.998	244453
"292"	"Turkey2010s"	0.616	0.658	-8.076	0.125	0.569	0	0.0908	0.461	174.007	243879
"293"	"Turkey2010s"	0.634	0.788	-7.771	0.0318	0.152	0.00488	0.108	0.696	139.957	253561
"294"	"Turkey2010s"	0.602	0.413	-9.397	0.0499	0.85	2.09e-05	0.243	0.383	150.356	258411
"295"	"Turkey2010s"	0.675	0.953	-3.885	0.1	0.051	0	0.3	0.536	107.964	189653
"296"	"Turkey2010s"	0.662	0.673	-5.586	0.0532	0.792	0	0.108	0.557	135.166	230556
"297"	"Turkey2010s"	0.57	0.583	-5.736	0.0353	0.0713	0	0.137	0.248	75.95	314906
"298"	"Turkey2010s"	0.707	0.878	-5.093	0.127	0.000367	5.3e-05	0.0383	0.59	127.982	286546
"299"	"Turkey2010s"	0.679	0.849	-4.129	0.0402	0.0279	0	0.0972	0.767	140.117	214320
"300"	"Global"	0.825	0.593	-6.401	0.0988	0.688	0.000161	0.17	0.54	98.078	209754
"301"	"Global"	0.621	0.601	-5.616	0.148	0.0522	0	0.46	0.457	116.735	163636
"302"	"Global"	0.759	0.548	-6.049	0.029	0.0392	0	0.0828	0.749	116.967	190799
"303"	"Global"	0.695	0.762	-3.497	0.0395	0.192	0.00244	0.0863	0.553	120.042	215280
"304"	"Global"	0.764	0.32	-7.209	0.0546	0.837	0	0.0822	0.575	91.019	189486
"305"	"Global"	0.335	0.625	-7.462	0.0386	0.164	0	0.0708	0.346	150.277	241106
"306"	"Global"	0.501	0.405	-5.679	0.0319	0.751	0	0.105	0.446	109.891	182160
"307"	"Global"	0.794	0.793	-4.521	0.0842	0.0125	0	0.0952	0.677	123.941	183290
"308"	"Global"	0.704	0.225	-14.454	0.0994	0.902	0.657	0.106	0.243	120.006	245425
"309"	"Global"	0.701	0.425	-10.965	0.375	0.328	0.13	0.1	0.562	135.128	194087
"310"	"Global"	0.676	0.771	-3.675	0.0483	0.0237	7e-06	0.102	0.569	99.048	207133
"311"	"Global"	0.513	0.796	-4.075	0.0629	0.00147	0.000209	0.0938	0.345	171.017	201573
"312"	"Global"	0.531	0.75	-5.831	0.111	0.00632	7.6e-05	0.117	0.198	169.954	200080
"313"	"Global"	0.721	0.716	-7.037	0.0657	0.0334	0.00084	0.237	0.667	104.994	221714
"314"	"Global"	0.803	0.715	-3.28	0.298	0.295	0.000134	0.0574	0.574	101.085	200960
"315"	"Global"	0.784	0.43	-8.756	0.0364	0.123	0	0.0887	0.236	127.087	159381
"316"	"Global"	0.735	0.478	-12.472	0.0293	0.189	2.48e-06	0.355	0.947	107.682	262960
"317"	"Global"	0.755	0.522	-4.368	0.0575	0.533	0	0.0685	0.925	89.96	157560
"318"	"Global"	0.598	0.427	-8.764	0.0317	0.0546	5.83e-06	0.21	0.0605	76.469	175720
"319"	"Global"	0.505	0.34	-9.005	0.0438	0.576	0	0.21	0.0916	101.993	206458
"320"	"Global"	0.886	0.672	-4.394	0.188	0.0363	8.78e-06	0.101	0.526	91.976	192024
"321"	"Global"	0.778	0.559	-7.109	0.0776	0.128	0	0.399	0.678	129.989	185093
"322"	"Global"	0.798	0.675	-5.041	0.0442	0.0912	0	0.0894	0.842	101.956	219946
"323"	"Global"	0.64	0.648	-8.113	0.187	0.124	0	0.0802	0.548	92.977	197866
"324"	"Global"	0.525	0.621	-7.364	0.116	0.0489	0	0.294	0.591	191.9	204093
"325"	"Global"	0.548	0.816	-4.209	0.0465	0.122	0	0.335	0.557	95.39	174000
"326"	"Global"	0.786	0.808	-3.702	0.0882	0.0846	0.000289	0.0822	0.609	105.027	301714
"327"	"Global"	0.778	0.317	-10.732	0.334	0.592	0	0.0881	0.327	140.048	178626
"328"	"Global"	0.882	0.78	-4.256	0.0939	0.159	5.22e-05	0.0973	0.867	117.945	157605
"329"	"Global"	0.339	0.214	-11.714	0.0375	0.908	7.47e-06	0.341	0.363	94.775	206639
"330"	"Global"	0.724	0.491	-6.024	0.0296	0.018	1.29e-05	0.0887	0.383	105.046	170746
"331"	"Global"	0.754	0.646	-5.795	0.317	0.152	1.85e-05	0.108	0.429	176.089	242573
"332"	"Global"	0.58	0.653	-3.818	0.0745	0.447	0	0.111	0.175	150.231	174960
"333"	"Global"	0.477	0.682	-4.931	0.0925	0.153	0	0.0763	0.345	110.567	202204
"334"	"Global"	0.843	0.391	-7.899	0.0845	0.181	0	0.137	0.496	129.972	160626
"335"	"Global"	0.878	0.619	-5.56	0.102	0.0533	0	0.113	0.639	136.041	157066
"336"	"Global"	0.589	0.472	-8.749	0.0502	0.614	0	0.505	0.898	67.196	126266
"337"	"Global"	0.575	0.621	-8.165	0.032	0.0392	0.0045	0.141	0.27	101.987	172213
"338"	"Global"	0.61	0.624	-4.773	0.309	0.6	2.12e-06	0.243	0.244	176.169	250533
"339"	"Global"	0.572	0.385	-6.362	0.0308	0.371	0	0.231	0.323	95.799	215733
"340"	"Global"	0.879	0.703	-4.219	0.0701	0.143	0	0.0569	0.788	94.004	199711
"341"	"Global"	0.754	0.424	-8.463	0.0363	0.643	0	0.0652	0.806	119.705	130973
"342"	"Global"	0.74	0.498	-6.684	0.0456	0.0169	0.00282	0.319	0.652	98.016	207038
"343"	"Global"	0.586	0.748	-6.879	0.1	0.122	0	0.043	0.275	77.09	138204
"344"	"Global"	0.806	0.786	-3.831	0.0741	0.145	0	0.0935	0.58	91.973	309120
"345"	"Global"	0.658	0.56	-9.049	0.0467	0.498	0	0.0794	0.854	161.994	182946
"346"	"Global"	0.24	0.598	-8.435	0.037	0.766	0	0.117	0.776	202.082	151933
"347"	"Global"	0.654	0.63	-4.644	0.0259	0.153	0	0.111	0.43	89.991	167693
"348"	"Global"	0.459	0.575	-4.858	0.0573	0.604	0	0.0885	0.183	111.881	215106
"349"	"Global"	0.745	0.642	-6.257	0.287	0.0204	0	0.0658	0.226	179.974	131240
"350"	"Argentina"	0.721	0.716	-7.037	0.0657	0.0334	0.00084	0.237	0.667	104.994	221714
"351"	"Argentina"	0.879	0.703	-4.219	0.0701	0.143	0	0.0569	0.788	94.004	199711
"352"	"Argentina"	0.786	0.808	-3.702	0.0882	0.0846	0.000289	0.0822	0.609	105.027	301714
"353"	"Argentina"	0.654	0.672	-5.98	0.311	0.471	0	0.0781	0.343	181.857	249520
"354"	"Argentina"	0.658	0.901	-2.814	0.0357	0.0478	0	0.12	0.708	93.979	210520
"355"	"Argentina"	0.781	0.866	-3.493	0.0867	0.216	0	0.101	0.864	95.993	165646
"356"	"Argentina"	0.803	0.715	-3.28	0.298	0.295	0.000134	0.0574	0.574	101.085	200960
"357"	"Argentina"	0.734	0.836	-4.803	0.0735	0.017	1.64e-05	0.179	0.623	80.002	270740
"358"	"Argentina"	0.886	0.672	-4.394	0.188	0.0363	8.78e-06	0.101	0.526	91.976	192024
"359"	"Argentina"	0.473	0.779	-3.725	0.0414	0.186	0	0.189	0.438	108.287	164457
"360"	"Argentina"	0.727	0.815	-2.454	0.153	0.0258	0	0.231	0.677	176.075	216066
"361"	"Argentina"	0.731	0.832	-2.592	0.0503	0.273	0	0.0665	0.94	146.013	178613
"362"	"Argentina"	0.732	0.644	-4.124	0.132	0.0934	4.54e-06	0.143	0.554	174.1	204906
"363"	"Argentina"	0.795	0.715	-3.582	0.0838	0.141	2.12e-06	0.179	0.758	165.941	304733
"364"	"Argentina"	0.743	0.709	-3.922	0.0879	0.0451	5.18e-06	0.0809	0.831	170.001	258600
"365"	"Argentina"	0.806	0.786	-3.831	0.0741	0.145	0	0.0935	0.58	91.973	309120
"366"	"Argentina"	0.754	0.646	-5.795	0.317	0.152	1.85e-05	0.108	0.429	176.089	242573
"367"	"Argentina"	0.825	0.593	-6.401	0.0988	0.688	0.000161	0.17	0.54	98.078	209754
"368"	"Argentina"	0.698	0.714	-6.178	0.367	0.368	0	0.0824	0.864	112.856	133691
"369"	"Argentina"	0.729	0.726	-3.208	0.0422	0.223	0	0.101	0.876	92.025	217129
"370"	"Argentina"	0.61	0.624	-4.773	0.309	0.6	2.12e-06	0.243	0.244	176.169	250533
"371"	"Argentina"	0.602	0.751	-4.358	0.327	0.173	0	0.667	0.934	163.874	196745
"372"	"Argentina"	0.759	0.548	-6.049	0.029	0.0392	0	0.0828	0.749	116.967	190799
"373"	"Argentina"	0.817	0.665	-6.224	0.0758	0.0549	0	0.103	0.662	104.957	215459
"374"	"Argentina"	0.795	0.676	-6.429	0.0589	0.138	0.00373	0.0734	0.882	100.045	158447
"375"	"Argentina"	0.795	0.783	-4.271	0.0432	0.361	0	0.437	0.8	92.016	266086
"376"	"Argentina"	0.683	0.51	-7.894	0.0646	0.447	0	0.175	0.255	95.08	173021
"377"	"Argentina"	0.711	0.757	-4.188	0.29	0.268	0	0.367	0.724	174.013	218586
"378"	"Argentina"	0.688	0.62	-8.029	0.22	0.753	5.27e-06	0.158	0.727	170.018	360960
"379"	"Argentina"	0.584	0.698	-3.961	0.106	0.09	6.87e-05	0.171	0.765	166.047	204786
"380"	"Argentina"	0.882	0.689	-4.027	0.124	0.39	0.00325	0.0501	0.746	97.963	161626
"381"	"Argentina"	0.78	0.759	-3.292	0.225	0.462	0.000868	0.143	0.579	91.952	201040
"382"	"Argentina"	0.725	0.79	-2.331	0.197	0.0711	1.14e-06	0.0602	0.763	175.988	287773
"383"	"Argentina"	0.738	0.748	-4.902	0.0453	0.182	0	0.11	0.896	94.949	217253
"384"	"Argentina"	0.81	0.471	-5.047	0.0496	0.00554	0.000197	0.134	0.391	75.003	143291
"385"	"Argentina"	0.704	0.643	-4.705	0.0903	0.00807	0	0.0895	0.806	176.038	159187
"386"	"Argentina"	0.855	0.649	-2.443	0.151	0.25	0	0.0801	0.741	161.986	263899
"387"	"Argentina"	0.681	0.648	-5.021	0.38	0.524	0	0.104	0.687	172.019	286506
"388"	"Argentina"	0.648	0.661	-5.027	0.195	0.121	2.33e-06	0.12	0.813	113.363	305962
"389"	"Argentina"	0.62	0.741	-6.081	0.137	0.531	2.92e-05	0.156	0.353	140.04	176394
"390"	"Argentina"	0.777	0.712	-4.84	0.277	0.217	0	0.091	0.68	95.692	175733
"391"	"Argentina"	0.739	0.863	-3.667	0.139	0.0656	0	0.254	0.773	173.946	279280
"392"	"Argentina"	0.747	0.647	-3.234	0.0737	0.113	0	0.112	0.478	87.988	233112
"393"	"Argentina"	0.938	0.654	-5.945	0.132	0.216	0	0.0744	0.596	122.929	121182
"394"	"Argentina"	0.849	0.781	-4.635	0.159	0.406	0	0.0801	0.893	84.041	217142
"395"	"Argentina"	0.719	0.753	-4.891	0.179	0.118	4.21e-06	0.212	0.675	174.107	204563
"396"	"Argentina"	0.767	0.709	-4.47	0.336	0.323	0	0.0745	0.72	171.993	256971
"397"	"Argentina"	0.826	0.773	-4.218	0.0524	0.323	0	0.143	0.761	126.899	238200
"398"	"Argentina"	0.737	0.86	-2.652	0.0593	0.11	1.94e-06	0.0574	0.656	93.989	193226
"399"	"Argentina"	0.817	0.672	-5.612	0.299	0.441	0	0.13	0.774	93.999	332240
"400"	"Australia"	0.825	0.593	-6.401	0.0988	0.688	0.000161	0.17	0.54	98.078	209754
"401"	"Australia"	0.621	0.601	-5.616	0.148	0.0522	0	0.46	0.457	116.735	163636
"402"	"Australia"	0.695	0.762	-3.497	0.0395	0.192	0.00244	0.0863	0.553	120.042	215280
"403"	"Australia"	0.794	0.793	-4.521	0.0842	0.0125	0	0.0952	0.677	123.941	183290
"404"	"Australia"	0.764	0.32	-7.209	0.0546	0.837	0	0.0822	0.575	91.019	189486
"405"	"Australia"	0.882	0.78	-4.256	0.0939	0.159	5.22e-05	0.0973	0.867	117.945	157605
"406"	"Australia"	0.778	0.559	-7.109	0.0776	0.128	0	0.399	0.678	129.989	185093
"407"	"Australia"	0.704	0.225	-14.454	0.0994	0.902	0.657	0.106	0.243	120.006	245425
"408"	"Australia"	0.485	0.461	-5.646	0.0444	0.44	0	0.232	0.324	87.009	200755
"409"	"Australia"	0.784	0.43	-8.756	0.0364	0.123	0	0.0887	0.236	127.087	159381
"410"	"Australia"	0.501	0.405	-5.679	0.0319	0.751	0	0.105	0.446	109.891	182160
"411"	"Australia"	0.755	0.522	-4.368	0.0575	0.533	0	0.0685	0.925	89.96	157560
"412"	"Australia"	0.701	0.425	-10.965	0.375	0.328	0.13	0.1	0.562	135.128	194087
"413"	"Australia"	0.598	0.526	-8.659	0.0415	0.129	0	0.14	0.529	123.935	168387
"414"	"Australia"	0.759	0.548	-6.049	0.029	0.0392	0	0.0828	0.749	116.967	190799
"415"	"Australia"	0.335	0.625	-7.462	0.0386	0.164	0	0.0708	0.346	150.277	241106
"416"	"Australia"	0.531	0.75	-5.831	0.111	0.00632	7.6e-05	0.117	0.198	169.954	200080
"417"	"Australia"	0.654	0.63	-4.644	0.0259	0.153	0	0.111	0.43	89.991	167693
"418"	"Australia"	0.64	0.648	-8.113	0.187	0.124	0	0.0802	0.548	92.977	197866
"419"	"Australia"	0.598	0.427	-8.764	0.0317	0.0546	5.83e-06	0.21	0.0605	76.469	175720
"420"	"Australia"	0.505	0.34	-9.005	0.0438	0.576	0	0.21	0.0916	101.993	206458
"421"	"Australia"	0.513	0.796	-4.075	0.0629	0.00147	0.000209	0.0938	0.345	171.017	201573
"422"	"Australia"	0.857	0.621	-6.376	0.0824	0.148	0	0.0865	0.668	97.986	204466
"423"	"Australia"	0.632	0.686	-7.665	0.243	0.549	0	0.2	0.329	89.949	170769
"424"	"Australia"	0.798	0.675	-5.041	0.0442	0.0912	0	0.0894	0.842	101.956	219946
"425"	"Australia"	0.659	0.623	-2.253	0.0451	0.0667	0	0.582	0.439	88.042	181823
"426"	"Australia"	0.548	0.816	-4.209	0.0465	0.122	0	0.335	0.557	95.39	174000
"427"	"Australia"	0.676	0.771	-3.675	0.0483	0.0237	7e-06	0.102	0.569	99.048	207133
"428"	"Australia"	0.677	0.744	-6.806	0.0295	0.0404	0.00016	0.074	0.631	124.08	152913
"429"	"Australia"	0.574	0.612	-4.741	0.0781	0.357	0	0.158	0.368	136.046	231663
"430"	"Australia"	0.459	0.575	-4.858	0.0573	0.604	0	0.0885	0.183	111.881	215106
"431"	"Australia"	0.715	0.624	-3.046	0.114	0.11	0	0.123	0.412	158.087	173325
"432"	"Australia"	0.619	0.459	-5.782	0.0334	0.56	0	0.137	0.498	126.803	184280
"433"	"Australia"	0.735	0.478	-12.472	0.0293	0.189	2.48e-06	0.355	0.947	107.682	262960
"434"	"Australia"	0.668	0.892	-3.001	0.0645	0.298	0	0.735	0.478	95.927	159011
"435"	"Australia"	0.801	0.589	-5.157	0.0485	0.0863	0	0.162	0.58	116.934	180146
"436"	"Australia"	0.339	0.214	-11.714	0.0375	0.908	7.47e-06	0.341	0.363	94.775	206639
"437"	"Australia"	0.477	0.682	-4.931	0.0925	0.153	0	0.0763	0.345	110.567	202204
"438"	"Australia"	0.847	0.678	-8.635	0.109	0.0669	0	0.274	0.811	97.984	200593
"439"	"Australia"	0.575	0.621	-8.165	0.032	0.0392	0.0045	0.141	0.27	101.987	172213
"440"	"Australia"	0.667	0.583	-5.127	0.0747	0.231	4.48e-05	0.181	0.187	92.043	181805
"441"	"Australia"	0.665	0.712	-7.536	0.0527	0.00103	0.00342	0.102	0.669	93.989	157220
"442"	"Australia"	0.878	0.619	-5.56	0.102	0.0533	0	0.113	0.639	136.041	157066
"443"	"Australia"	0.865	0.438	-8.943	0.0719	0.177	0	0.0743	0.695	129.038	223257
"444"	"Australia"	0.829	0.539	-7.359	0.208	0.136	1.78e-06	0.103	0.388	99.96	149546
"445"	"Australia"	0.572	0.385	-6.362	0.0308	0.371	0	0.231	0.323	95.799	215733
"446"	"Australia"	0.778	0.317	-10.732	0.334	0.592	0	0.0881	0.327	140.048	178626
"447"	"Australia"	0.815	0.518	-6.594	0.0897	0.223	0	0.104	0.877	151.891	177666
"448"	"Australia"	0.596	0.552	-10.278	0.097	0.0765	0.334	0.104	0.112	97.949	229320
"449"	"Australia"	0.752	0.488	-7.05	0.0705	0.297	9.11e-06	0.0936	0.533	136.041	201660
"450"	"Brazil"	0.826	0.73	-3.032	0.0809	0.383	0.000374	0.0197	0.605	150.134	157600
"451"	"Brazil"	0.832	0.55	-7.026	0.0587	0.249	8.17e-06	0.182	0.881	154.064	152783
"452"	"Brazil"	0.665	0.743	-4.434	0.0567	0.0604	0	0.959	0.658	131.573	147748
"453"	"Brazil"	0.722	0.84	-3.24	0.0785	0.42	0	0.112	0.851	150.108	187245
"454"	"Brazil"	0.528	0.87	-3.123	0.0851	0.24	0	0.333	0.714	152.37	181930
"455"	"Brazil"	0.819	0.684	-7.169	0.119	0.132	0	0.0942	0.959	170.187	137125
"456"	"Brazil"	0.707	0.664	-5.042	0.0382	0.361	0	0.331	0.674	124.991	179164
"457"	"Brazil"	0.648	0.795	-5.536	0.17	0.0748	0	0.38	0.598	180.043	194771
"458"	"Brazil"	0.845	0.954	-3.656	0.124	0.345	5.21e-05	0.115	0.63	137.995	160395
"459"	"Brazil"	0.68	0.869	-1.94	0.0589	0.178	0	0.223	0.924	173.997	143448
"460"	"Brazil"	0.888	0.841	-1.933	0.147	0.46	9.12e-05	0.0568	0.964	149.994	120200
"461"	"Brazil"	0.637	0.877	-3.68	0.198	0.469	0	0.343	0.691	118.889	175219
"462"	"Brazil"	0.621	0.7	-5.502	0.247	0.539	0	0.152	0.704	149.902	166400
"463"	"Brazil"	0.49	0.845	-3.359	0.0973	0.49	0	0.213	0.548	146.105	159164
"464"	"Brazil"	0.737	0.758	-5.508	0.0402	0.342	0	0.834	0.734	126.978	180001
"465"	"Brazil"	0.565	0.82	-5.031	0.243	0.589	0	0.621	0.604	76.471	224001
"466"	"Brazil"	0.776	0.864	-4.281	0.0517	0.478	0	0.932	0.701	134.992	157494
"467"	"Brazil"	0.787	0.934	-5.136	0.0773	0.223	1.87e-05	0.951	0.813	152.018	173229
"468"	"Brazil"	0.632	0.559	-6.74	0.0797	0.331	0	0.16	0.673	91.811	150026
"469"	"Brazil"	0.702	0.672	-3.308	0.397	0.261	0.000988	0.0916	0.722	131.453	163253
"470"	"Brazil"	0.603	0.804	-4.253	0.198	0.362	0	0.743	0.682	153.883	159779
"471"	"Brazil"	0.417	0.767	-3.31	0.194	0.0778	0	0.113	0.152	72.573	189600
"472"	"Brazil"	0.552	0.709	-5.435	0.129	0.611	0	0.763	0.528	117.582	157186
"473"	"Brazil"	0.887	0.683	-3.167	0.173	0.311	1.95e-06	0.0833	0.797	145.266	137430
"474"	"Brazil"	0.648	0.789	-4.767	0.0414	0.304	0	0.532	0.53	128.124	179722
"475"	"Brazil"	0.616	0.634	-7.389	0.546	0.619	0	0.0732	0.586	185.186	196800
"476"	"Brazil"	0.737	0.819	-5.056	0.0446	0.0726	0	0.36	0.904	139.988	157928
"477"	"Brazil"	0.759	0.548	-6.049	0.029	0.0392	0	0.0828	0.749	116.967	190799
"478"	"Brazil"	0.711	0.711	-5.691	0.0896	0.103	0	0.971	0.743	131.813	156371
"479"	"Brazil"	0.621	0.743	-3.864	0.0738	0.281	0	0.411	0.581	111.454	154661
"480"	"Brazil"	0.714	0.712	-4.403	0.0545	0.621	0	0.127	0.789	123.804	174863
"481"	"Brazil"	0.825	0.593	-6.401	0.0988	0.688	0.000161	0.17	0.54	98.078	209754
"482"	"Brazil"	0.668	0.684	-5.937	0.0527	0.627	0	0.923	0.7	108.138	187985
"483"	"Brazil"	0.716	0.426	-9.576	0.128	0.401	0	0.11	0.434	88.794	202287
"484"	"Brazil"	0.582	0.958	-2.395	0.0832	0.319	2.55e-06	0.322	0.831	173.937	154183
"485"	"Brazil"	0.71	0.905	-5.146	0.0716	0.557	1.31e-06	0.709	0.688	130.046	179064
"486"	"Brazil"	0.505	0.721	-5.86	0.061	0.768	0	0.869	0.421	106.248	189059
"487"	"Brazil"	0.734	0.484	-7.486	0.13	0.57	0	0.224	0.499	130.05	179339
"488"	"Brazil"	0.39	0.903	-3.846	0.409	0.445	0	0.911	0.47	195.62	181670
"489"	"Brazil"	0.648	0.453	-8.969	0.522	0.106	3.78e-06	0.106	0.359	130.199	147335
"490"	"Brazil"	0.542	0.876	-3.378	0.0972	0.724	0	0.925	0.634	118.777	182734
"491"	"Brazil"	0.676	0.888	-3.658	0.0783	0.375	0	0.231	0.711	160.034	179100
"492"	"Brazil"	0.843	0.925	0.302	0.0997	0.139	7.65e-06	0.109	0.59	159.926	134769
"493"	"Brazil"	0.804	0.637	-3.187	0.0542	0.47	0	0.969	0.732	113.979	175205
"494"	"Brazil"	0.804	0.932	-1.151	0.0374	0.407	0	0.873	0.912	126.953	215766
"495"	"Brazil"	0.674	0.447	-3.761	0.493	0.688	0	0.182	0.824	150.237	236852
"496"	"Brazil"	0.611	0.791	-3.095	0.0436	0.245	0	0.237	0.572	111.928	174178
"497"	"Brazil"	0.697	0.844	-3.076	0.0575	0.285	0	0.753	0.665	139.993	231680
"498"	"Brazil"	0.776	0.5	-4.788	0.0979	0.0537	0	0.344	0.491	92.027	190434
"499"	"Brazil"	0.751	0.709	-4.216	0.0382	0.125	0	0.807	0.515	114.094	219442
"500"	"Canada"	0.825	0.593	-6.401	0.0988	0.688	0.000161	0.17	0.54	98.078	209754
"501"	"Canada"	0.621	0.601	-5.616	0.148	0.0522	0	0.46	0.457	116.735	163636
"502"	"Canada"	0.531	0.75	-5.831	0.111	0.00632	7.6e-05	0.117	0.198	169.954	200080
"503"	"Canada"	0.513	0.796	-4.075	0.0629	0.00147	0.000209	0.0938	0.345	171.017	201573
"504"	"Canada"	0.695	0.762	-3.497	0.0395	0.192	0.00244	0.0863	0.553	120.042	215280
"505"	"Canada"	0.335	0.625	-7.462	0.0386	0.164	0	0.0708	0.346	150.277	241106
"506"	"Canada"	0.501	0.405	-5.679	0.0319	0.751	0	0.105	0.446	109.891	182160
"507"	"Canada"	0.784	0.43	-8.756	0.0364	0.123	0	0.0887	0.236	127.087	159381
"508"	"Canada"	0.704	0.225	-14.454	0.0994	0.902	0.657	0.106	0.243	120.006	245425
"509"	"Canada"	0.759	0.548	-6.049	0.029	0.0392	0	0.0828	0.749	116.967	190799
"510"	"Canada"	0.764	0.32	-7.209	0.0546	0.837	0	0.0822	0.575	91.019	189486
"511"	"Canada"	0.598	0.427	-8.764	0.0317	0.0546	5.83e-06	0.21	0.0605	76.469	175720
"512"	"Canada"	0.676	0.771	-3.675	0.0483	0.0237	7e-06	0.102	0.569	99.048	207133
"513"	"Canada"	0.701	0.425	-10.965	0.375	0.328	0.13	0.1	0.562	135.128	194087
"514"	"Canada"	0.755	0.522	-4.368	0.0575	0.533	0	0.0685	0.925	89.96	157560
"515"	"Canada"	0.735	0.478	-12.472	0.0293	0.189	2.48e-06	0.355	0.947	107.682	262960
"516"	"Canada"	0.778	0.559	-7.109	0.0776	0.128	0	0.399	0.678	129.989	185093
"517"	"Canada"	0.339	0.214	-11.714	0.0375	0.908	7.47e-06	0.341	0.363	94.775	206639
"518"	"Canada"	0.525	0.621	-7.364	0.116	0.0489	0	0.294	0.591	191.9	204093
"519"	"Canada"	0.794	0.793	-4.521	0.0842	0.0125	0	0.0952	0.677	123.941	183290
"520"	"Canada"	0.658	0.56	-9.049	0.0467	0.498	0	0.0794	0.854	161.994	182946
"521"	"Canada"	0.745	0.642	-6.257	0.287	0.0204	0	0.0658	0.226	179.974	131240
"522"	"Canada"	0.474	0.631	-5.884	0.343	0.0687	0	0.132	0.425	180.051	189322
"523"	"Canada"	0.24	0.598	-8.435	0.037	0.766	0	0.117	0.776	202.082	151933
"524"	"Canada"	0.505	0.34	-9.005	0.0438	0.576	0	0.21	0.0916	101.993	206458
"525"	"Canada"	0.831	0.502	-4.045	0.046	0.101	0	0.122	0.101	100.541	205426
"526"	"Canada"	0.589	0.472	-8.749	0.0502	0.614	0	0.505	0.898	67.196	126266
"527"	"Canada"	0.769	0.787	-3.909	0.367	0.189	0	0.129	0.836	126.77	159714
"528"	"Canada"	0.647	0.465	-8.308	0.0428	0.865	0	0.0882	0.699	151.251	119786
"529"	"Canada"	0.715	0.624	-3.046	0.114	0.11	0	0.123	0.412	158.087	173325
"530"	"Canada"	0.548	0.816	-4.209	0.0465	0.122	0	0.335	0.557	95.39	174000
"531"	"Canada"	0.64	0.648	-8.113	0.187	0.124	0	0.0802	0.548	92.977	197866
"532"	"Canada"	0.654	0.63	-4.644	0.0259	0.153	0	0.111	0.43	89.991	167693
"533"	"Canada"	0.754	0.424	-8.463	0.0363	0.643	0	0.0652	0.806	119.705	130973
"534"	"Canada"	0.58	0.653	-3.818	0.0745	0.447	0	0.111	0.175	150.231	174960
"535"	"Canada"	0.499	0.8	-2.665	0.0502	0.0906	0	0.147	0.272	139.919	229573
"536"	"Canada"	0.829	0.539	-7.359	0.208	0.136	1.78e-06	0.103	0.388	99.96	149546
"537"	"Canada"	0.843	0.391	-7.899	0.0845	0.181	0	0.137	0.496	129.972	160626
"538"	"Canada"	0.798	0.675	-5.041	0.0442	0.0912	0	0.0894	0.842	101.956	219946
"539"	"Canada"	0.724	0.491	-6.024	0.0296	0.018	1.29e-05	0.0887	0.383	105.046	170746
"540"	"Canada"	0.866	0.53	-6.347	0.0495	0.517	0.00159	0.0946	0.203	104.952	197973
"541"	"Canada"	0.659	0.623	-2.253	0.0451	0.0667	0	0.582	0.439	88.042	181823
"542"	"Canada"	0.878	0.619	-5.56	0.102	0.0533	0	0.113	0.639	136.041	157066
"543"	"Canada"	0.653	0.259	-13.336	0.0595	0.903	0	0.362	0.835	142.157	155453
"544"	"Canada"	0.599	0.642	-6.936	0.0363	0.164	3.33e-05	0.0992	0.349	115.412	222533
"545"	"Canada"	0.757	0.673	-8.513	0.141	0.095	0	0.338	0.574	92.958	185806
"546"	"Canada"	0.778	0.317	-10.732	0.334	0.592	0	0.0881	0.327	140.048	178626
"547"	"Canada"	0.459	0.575	-4.858	0.0573	0.604	0	0.0885	0.183	111.881	215106
"548"	"Canada"	0.509	0.812	-5.438	0.0537	0.0013	1.99e-05	0.214	0.689	159.876	229640
"549"	"Canada"	0.787	0.713	-5.252	0.401	0.0849	0	0.717	0.762	175.041	148759
"550"	"France"	0.932	0.778	-3.384	0.0638	0.212	0	0.168	0.933	124.996	188613
"551"	"France"	0.825	0.593	-6.401	0.0988	0.688	0.000161	0.17	0.54	98.078	209754
"552"	"France"	0.833	0.652	-6.194	0.31	0.0477	0.000138	0.145	0.414	130.002	155632
"553"	"France"	0.614	0.596	-7.664	0.357	0.605	5.3e-06	0.0945	0.248	152.138	209786
"554"	"France"	0.641	0.673	-7.017	0.0857	0.429	0	0.105	0.785	149.974	192106
"555"	"France"	0.777	0.495	-8.041	0.365	0.434	9.49e-06	0.108	0.449	98.752	395280
"556"	"France"	0.839	0.911	-5.625	0.172	0.207	4.9e-06	0.0711	0.779	114.959	209106
"557"	"France"	0.899	0.64	-7.148	0.288	0.165	0	0.0813	0.702	130.026	172933
"558"	"France"	0.763	0.914	-5.758	0.0961	0.262	0.153	0.304	0.966	142.065	223386
"559"	"France"	0.832	0.591	-5.481	0.147	0.0684	0.000368	0.196	0.537	104.996	178416
"560"	"France"	0.841	0.693	-7.335	0.207	0.396	4.03e-06	0.133	0.677	92.021	174933
"561"	"France"	0.649	0.574	-7.856	0.143	0.635	1.28e-05	0.161	0.361	199.906	196800
"562"	"France"	0.844	0.828	-6.322	0.0581	0.262	0.00435	0.0999	0.318	129.982	235506
"563"	"France"	0.963	0.745	-6.409	0.204	0.221	0	0.0966	0.777	112.969	208520
"564"	"France"	0.772	0.596	-7.962	0.102	0.534	0	0.172	0.603	152.057	232653
"565"	"France"	0.947	0.755	-6.686	0.189	0.309	0	0.0753	0.865	128.064	312213
"566"	"France"	0.892	0.459	-8.316	0.239	0.635	4.4e-05	0.062	0.501	96.975	143744
"567"	"France"	0.89	0.561	-7.063	0.325	0.0187	0	0.117	0.398	138.985	193066
"568"	"France"	0.939	0.7	-6.526	0.0519	0.187	0	0.094	0.886	132.004	279466
"569"	"France"	0.956	0.719	-6.034	0.0667	0.115	2.89e-06	0.0986	0.556	126.017	185320
"570"	"France"	0.816	0.895	-5.414	0.0673	0.0145	2.83e-05	0.0756	0.966	146.004	194053
"571"	"France"	0.963	0.665	-6.557	0.0509	0.334	0.000454	0.0735	0.963	124.962	192666
"572"	"France"	0.805	0.897	-5.783	0.0409	0.281	0.000163	0.0634	0.914	133.014	245026
"573"	"France"	0.663	0.702	-6.793	0.136	0.293	0	0.0741	0.645	168.118	211013
"574"	"France"	0.853	0.883	-4.69	0.0412	0.47	0.00533	0.097	0.526	130.003	239800
"575"	"France"	0.506	0.502	-8.126	0.0803	0.119	0	0.157	0.322	200.618	208893
"576"	"France"	0.718	0.712	-6.483	0.0536	0.21	0	0.0983	0.62	138.025	173386
"577"	"France"	0.8	0.756	-4.4	0.0367	0.687	2.06e-06	0.111	0.456	113.204	193443
"578"	"France"	0.513	0.796	-4.075	0.0629	0.00147	0.000209	0.0938	0.345	171.017	201573
"579"	"France"	0.928	0.716	-6.755	0.328	0.475	0	0.0986	0.663	114.031	177720
"580"	"France"	0.923	0.82	-6.191	0.108	0.228	0.00111	0.0689	0.836	103.973	222213
"581"	"France"	0.961	0.682	-6.53	0.123	0.265	0	0.0765	0.619	119.003	141880
"582"	"France"	0.584	0.692	-6.398	0.463	0.146	0	0.102	0.659	154.008	203520
"583"	"France"	0.706	0.584	-7.904	0.124	0.408	5.96e-06	0.105	0.451	142.04	249280
"584"	"France"	0.777	0.698	-7.706	0.0704	0.293	2.32e-05	0.0908	0.119	119.963	247161
"585"	"France"	0.698	0.737	-6.577	0.0525	0.548	0	0.161	0.933	74.978	214813
"586"	"France"	0.764	0.32	-7.209	0.0546	0.837	0	0.0822	0.575	91.019	189486
"587"	"France"	0.659	0.297	-19.793	0.0811	0.295	0	0.213	0.494	147.98	184606
"588"	"France"	0.755	0.875	-5.944	0.193	0.399	0	0.115	0.393	145.008	203301
"589"	"France"	0.64	0.419	-9.962	0.168	0.326	0.000271	0.137	0.202	131.936	244320
"590"	"France"	0.769	0.658	-7.272	0.0598	0.44	0	0.22	0.421	134.012	167506
"591"	"France"	0.931	0.738	-5.83	0.08	0.217	1.04e-05	0.0996	0.861	130.005	156466
"592"	"France"	0.721	0.716	-7.037	0.0657	0.0334	0.00084	0.237	0.667	104.994	221714
"593"	"France"	0.815	0.862	-4.635	0.0719	0.0104	0.000184	0.0654	0.954	138.026	279666
"594"	"France"	0.739	0.656	-5.516	0.0578	0.764	4.09e-06	0.0896	0.47	82.011	158275
"595"	"France"	0.759	0.548	-6.049	0.029	0.0392	0	0.0828	0.749	116.967	190799
"596"	"France"	0.497	0.755	-6.948	0.0497	7e-04	0.585	0.33	0.493	121.869	182186
"597"	"France"	0.883	0.557	-4.453	0.0581	0.000273	6.99e-06	0.0629	0.681	131.032	164666
"598"	"France"	0.951	0.711	-5.665	0.252	0.552	1.08e-05	0.105	0.784	126.093	137080
"599"	"France"	0.787	0.741	-5.484	0.0592	0.329	1.88e-05	0.341	0.466	105	196880
"600"	"Germany"	0.606	0.715	-5.608	0.173	0.294	0.000133	0.124	0.393	174.049	200493
"601"	"Germany"	0.544	0.53	-6.168	0.428	0.345	0	0.0981	0.184	90.093	179812
"602"	"Germany"	0.796	0.631	-7.343	0.052	0.0106	0.00183	0.116	0.534	155.985	178648
"603"	"Germany"	0.941	0.758	-6.47	0.17	0.0256	0.00263	0.193	0.683	128.02	157093
"604"	"Germany"	0.612	0.704	-4.147	0.372	0.126	0	0.569	0.672	96.015	192147
"605"	"Germany"	0.825	0.593	-6.401	0.0988	0.688	0.000161	0.17	0.54	98.078	209754
"606"	"Germany"	0.835	0.601	-6.411	0.0562	0.298	0	0.111	0.853	137.998	208946
"607"	"Germany"	0.495	0.619	-5.989	0.154	0.381	0.014	0.177	0.141	93.513	176228
"608"	"Germany"	0.802	0.8	-5.034	0.0412	0.134	0.000706	0.306	0.567	104.062	198080
"609"	"Germany"	0.899	0.67	-6.455	0.163	0.269	1.38e-05	0.105	0.413	148.065	163146
"610"	"Germany"	0.335	0.625	-7.462	0.0386	0.164	0	0.0708	0.346	150.277	241106
"611"	"Germany"	0.48	0.749	-5.057	0.432	0.533	0	0.0997	0.419	179.056	194534
"612"	"Germany"	0.856	0.477	-6.962	0.055	0.294	0.386	0.121	0.46	133.962	176066
"613"	"Germany"	0.802	0.665	-6.891	0.207	0.0998	1.89e-06	0.0956	0.547	160.051	208106
"614"	"Germany"	0.608	0.698	-5.279	0.0484	0.0374	0.00324	0.0791	0.296	154.996	175106
"615"	"Germany"	0.719	0.705	-6.891	0.252	0.223	1.89e-06	0.152	0.435	133.927	162650
"616"	"Germany"	0.735	0.478	-12.472	0.0293	0.189	2.48e-06	0.355	0.947	107.682	262960
"617"	"Germany"	0.657	0.639	-6.588	0.183	0.087	0.00148	0.141	0.216	149.995	156946
"618"	"Germany"	0.753	0.77	-5.388	0.166	0.112	6.77e-06	0.165	0.56	128.099	220080
"619"	"Germany"	0.698	0.634	-6.121	0.0742	0.139	4.89e-06	0.338	0.528	159.992	255133
"620"	"Germany"	0.816	0.63	-5.568	0.226	0.133	0	0.0692	0.715	96.493	131606
"621"	"Germany"	0.657	0.691	-7.907	0.236	0.213	0	0.099	0.493	160.106	237157
"622"	"Germany"	0.901	0.832	-6.906	0.074	0.121	0.249	0.213	0.708	130.994	191760
"623"	"Germany"	0.787	0.671	-4.447	0.0409	0.0642	0.0112	0.107	0.548	159.058	169293
"624"	"Germany"	0.711	0.682	-5.073	0.0558	0.151	0	0.0669	0.466	89.015	161882
"625"	"Germany"	0.754	0.68	-6.331	0.224	0.345	0	0.153	0.499	118.008	171355
"626"	"Germany"	0.784	0.43	-8.756	0.0364	0.123	0	0.0887	0.236	127.087	159381
"627"	"Germany"	0.738	0.512	-7.622	0.0337	0.582	0	0.177	0.351	94.014	169179
"628"	"Germany"	0.882	0.78	-4.256	0.0939	0.159	5.22e-05	0.0973	0.867	117.945	157605
"629"	"Germany"	0.482	0.656	-7.884	0.176	0.113	0.000842	0.172	0.471	169.876	171946
"630"	"Germany"	0.613	0.868	-4.685	0.208	0.0187	0	0.247	0.482	154.041	168986
"631"	"Germany"	0.525	0.621	-7.364	0.116	0.0489	0	0.294	0.591	191.9	204093
"632"	"Germany"	0.513	0.583	-10.863	0.038	0.355	1.96e-05	0.18	0.866	180.184	241626
"633"	"Germany"	0.793	0.668	-5.644	0.131	0.212	5.73e-05	0.113	0.349	77.516	174746
"634"	"Germany"	0.631	0.673	-4.892	0.384	0.407	0	0.154	0.721	83.504	172035
"635"	"Germany"	0.708	0.453	-10.851	0.503	0.158	0	0.0923	0.32	177.874	162621
"636"	"Germany"	0.534	0.905	-3.315	0.0369	0.129	0	0.128	0.961	202.899	220160
"637"	"Germany"	0.578	0.676	-5.478	0.033	0.114	0	0.255	0.524	149.965	231933
"638"	"Germany"	0.735	0.675	-6.135	0.0697	0.113	4.75e-05	0.0791	0.458	109.994	213320
"639"	"Germany"	0.698	0.84	-3.904	0.0768	0.00514	0	0.152	0.263	140.141	163106
"640"	"Germany"	0.719	0.64	-7.058	0.196	0.0509	0.00415	0.173	0.577	164.081	177240
"641"	"Germany"	0.641	0.847	-5.013	0.345	0.0705	0	0.131	0.416	95.88	170253
"642"	"Germany"	0.617	0.467	-9.869	0.144	0.287	0.000376	0.0905	0.219	162.066	160226
"643"	"Germany"	0.851	0.695	-6.675	0.163	0.0844	4.42e-06	0.165	0.788	131.938	139693
"644"	"Germany"	0.778	0.559	-7.109	0.0776	0.128	0	0.399	0.678	129.989	185093
"645"	"Germany"	0.513	0.796	-4.075	0.0629	0.00147	0.000209	0.0938	0.345	171.017	201573
"646"	"Germany"	0.621	0.601	-5.616	0.148	0.0522	0	0.46	0.457	116.735	163636
"647"	"Germany"	0.663	0.691	-3.903	0.0586	0.0556	4.7e-06	0.104	0.19	161.866	190640
"648"	"Germany"	0.704	0.782	-5.471	0.164	0.282	0.00769	0.0759	0.346	93.35	158060
"649"	"Germany"	0.685	0.819	-4.723	0.247	0.0168	0	0.421	0.385	109.697	183040
"650"	"Greece"	0.747	0.586	-8.799	0.0591	0.261	2.78e-05	0.11	0.176	99.986	194400
"651"	"Greece"	0.598	0.427	-8.764	0.0317	0.0546	5.83e-06	0.21	0.0605	76.469	175720
"652"	"Greece"	0.825	0.593	-6.401	0.0988	0.688	0.000161	0.17	0.54	98.078	209754
"653"	"Greece"	0.476	0.684	-7.804	0.239	0.111	8.89e-05	0.169	0.529	172.648	178959
"654"	"Greece"	0.746	0.647	-6.082	0.0827	0.59	0.000224	0.136	0.222	96.964	222004
"655"	"Greece"	0.531	0.75	-5.831	0.111	0.00632	7.6e-05	0.117	0.198	169.954	200080
"656"	"Greece"	0.611	0.834	-3.708	0.23	0.397	0	0.174	0.85	93.066	273548
"657"	"Greece"	0.725	0.701	-7.718	0.108	0.068	0	0.128	0.118	94.031	167167
"658"	"Greece"	0.513	0.796	-4.075	0.0629	0.00147	0.000209	0.0938	0.345	171.017	201573
"659"	"Greece"	0.704	0.225	-14.454	0.0994	0.902	0.657	0.106	0.243	120.006	245425
"660"	"Greece"	0.792	0.687	-6.647	0.109	0.356	0	0.103	0.803	149.92	198358
"661"	"Greece"	0.701	0.425	-10.965	0.375	0.328	0.13	0.1	0.562	135.128	194087
"662"	"Greece"	0.759	0.548	-6.049	0.029	0.0392	0	0.0828	0.749	116.967	190799
"663"	"Greece"	0.78	0.759	-6.818	0.0604	0.229	3.9e-06	0.319	0.395	93.009	178089
"664"	"Greece"	0.803	0.556	-7.866	0.0636	0.282	0	0.106	0.353	100.046	232776
"665"	"Greece"	0.843	0.391	-7.899	0.0845	0.181	0	0.137	0.496	129.972	160626
"666"	"Greece"	0.736	0.773	-8.762	0.0691	0.639	0.282	0.179	0.415	114.474	155109
"667"	"Greece"	0.621	0.601	-5.616	0.148	0.0522	0	0.46	0.457	116.735	163636
"668"	"Greece"	0.501	0.405	-5.679	0.0319	0.751	0	0.105	0.446	109.891	182160
"669"	"Greece"	0.86	0.441	-11.078	0.45	0.0876	0	0.169	0.203	142.974	234965
"670"	"Greece"	0.784	0.43	-8.756	0.0364	0.123	0	0.0887	0.236	127.087	159381
"671"	"Greece"	0.449	0.548	-7.743	0.153	0.373	2.99e-06	0.0883	0.176	70.766	179916
"672"	"Greece"	0.794	0.793	-4.521	0.0842	0.0125	0	0.0952	0.677	123.941	183290
"673"	"Greece"	0.803	0.462	-9.336	0.355	0.142	0	0.403	0.296	147.016	212244
"674"	"Greece"	0.748	0.56	-10.624	0.0754	0.169	3.69e-05	0.0665	0.215	99.03	184242
"675"	"Greece"	0.335	0.625	-7.462	0.0386	0.164	0	0.0708	0.346	150.277	241106
"676"	"Greece"	0.716	0.78	-4.616	0.0445	0.377	0.000351	0.0753	0.187	94.028	256373
"677"	"Greece"	0.51	0.813	-6.061	0.353	0.437	0	0.0594	0.733	162.6	180000
"678"	"Greece"	0.536	0.548	-10.821	0.451	0.215	0	0.0887	0.387	80.706	204705
"679"	"Greece"	0.902	0.752	-5.75	0.248	0.14	5.16e-05	0.133	0.721	150.001	206829
"680"	"Greece"	0.503	0.871	-4.502	0.236	0.187	1.34e-05	0.126	0.55	176.038	167230
"681"	"Greece"	0.763	0.822	-2.578	0.066	0.101	0.000131	0.077	0.567	100.024	208013
"682"	"Greece"	0.735	0.478	-12.472	0.0293	0.189	2.48e-06	0.355	0.947	107.682	262960
"683"	"Greece"	0.778	0.317	-10.732	0.334	0.592	0	0.0881	0.327	140.048	178626
"684"	"Greece"	0.822	0.514	-9.847	0.217	0.372	1.06e-05	0.137	0.453	89.995	165336
"685"	"Greece"	0.798	0.732	-7.661	0.0832	0.144	0	0.213	0.66	102.038	263529
"686"	"Greece"	0.903	0.527	-9.019	0.0664	0.0138	5.6e-06	0.0736	0.941	144.98	225931
"687"	"Greece"	0.676	0.771	-3.675	0.0483	0.0237	7e-06	0.102	0.569	99.048	207133
"688"	"Greece"	0.695	0.762	-3.497	0.0395	0.192	0.00244	0.0863	0.553	120.042	215280
"689"	"Greece"	0.83	0.515	-5.306	0.102	0.071	0	0.0513	0.772	95.026	239684
"690"	"Greece"	0.816	0.556	-7.74	0.378	0.689	0	0.0667	0.541	129.937	124972
"691"	"Greece"	0.589	0.472	-8.749	0.0502	0.614	0	0.505	0.898	67.196	126266
"692"	"Greece"	0.707	0.764	-5.062	0.0305	0.218	4.57e-05	0.074	0.598	99.974	146973
"693"	"Greece"	0.769	0.787	-3.909	0.367	0.189	0	0.129	0.836	126.77	159714
"694"	"Greece"	0.678	0.917	-5.043	0.0811	0.152	0	0.191	0.7	112.193	200200
"695"	"Greece"	0.525	0.621	-7.364	0.116	0.0489	0	0.294	0.591	191.9	204093
"696"	"Greece"	0.24	0.598	-8.435	0.037	0.766	0	0.117	0.776	202.082	151933
"697"	"Greece"	0.64	0.648	-8.113	0.187	0.124	0	0.0802	0.548	92.977	197866
"698"	"Greece"	0.464	0.597	-9.813	0.222	0.627	0.82	0.213	0.271	81.07	235609
"699"	"Greece"	0.724	0.491	-6.024	0.0296	0.018	1.29e-05	0.0887	0.383	105.046	170746
"700"	"Japan"	0.538	0.869	-3.464	0.0275	0.047	0	0.14	0.369	91.972	326842
"701"	"Japan"	0.606	0.901	-2.552	0.11	0.67	0	0.289	0.748	93.012	274912
"702"	"Japan"	0.547	0.577	-6.087	0.0336	0.0152	0	0.109	0.494	164.032	280856
"703"	"Japan"	0.541	0.8	-3.687	0.0382	0.0442	0	0.398	0.56	129.939	299164
"704"	"Japan"	0.574	0.936	-3.185	0.07	0.0585	0	0.336	0.793	149.953	202394
"705"	"Japan"	0.545	0.745	-3.098	0.0286	0.0452	0	0.0907	0.413	106.094	306626
"706"	"Japan"	0.514	0.791	-1.927	0.0318	0.00345	0	0.141	0.482	96.966	324633
"707"	"Japan"	0.534	0.642	-5.568	0.0372	0.52	0	0.39	0.443	155.916	223640
"708"	"Japan"	0.404	0.705	-3.324	0.0315	0.128	0	0.123	0.42	154.02	340080
"709"	"Japan"	0.54	0.923	-2.838	0.0623	0.066	0	0.124	0.343	137.977	294813
"710"	"Japan"	0.466	0.934	-2.739	0.0539	0.00333	0	0.277	0.62	154.966	257066
"711"	"Japan"	0.524	0.687	-4.039	0.0267	0.00135	0	0.169	0.619	99.919	246306
"712"	"Japan"	0.609	0.869	-5.129	0.0422	0.00864	0	0.283	0.626	154.024	256131
"713"	"Japan"	0.471	0.852	-3.391	0.0462	0.0408	0	0.329	0.491	79.931	261910
"714"	"Japan"	0.649	0.903	-2.661	0.0764	0.38	0	0.0485	0.698	105.022	202285
"715"	"Japan"	0.638	0.766	-5.541	0.0268	0.156	0	0.124	0.595	112	342773
"716"	"Japan"	0.441	0.852	-3.595	0.0383	0.0254	0	0.0862	0.64	104.855	238093
"717"	"Japan"	0.359	0.648	-3.36	0.0373	0.047	2.43e-06	0.16	0.336	78.308	314146
"718"	"Japan"	0.591	0.673	-2.445	0.0294	0.263	0	0.109	0.525	106.956	326866
"719"	"Japan"	0.378	0.426	-7.314	0.0308	0.675	0	0.207	0.184	152.03	352506
"720"	"Japan"	0.679	0.834	-3.223	0.032	0.343	5.74e-06	0.119	0.962	139.996	198971
"721"	"Japan"	0.508	0.964	-4.077	0.0831	0.00141	0	0.197	0.609	134.982	248706
"722"	"Japan"	0.31	0.891	-1.66	0.0469	0.00157	0	0.284	0.748	184.886	270026
"723"	"Japan"	0.379	0.69	-4.79	0.0549	0.0286	0	0.335	0.288	173.716	295600
"724"	"Japan"	0.523	0.445	-6.359	0.0329	0.188	0	0.18	0.336	78.957	308146
"725"	"Japan"	0.403	0.87	-1.871	0.0474	0.00465	0	0.139	0.549	115.398	222520
"726"	"Japan"	0.625	0.668	-4.315	0.0249	0.288	0	0.107	0.292	95.968	289577
"727"	"Japan"	0.701	0.425	-10.965	0.375	0.328	0.13	0.1	0.562	135.128	194087
"728"	"Japan"	0.422	0.969	-0.824	0.0591	0.00585	0	0.533	0.496	92.524	223186
"729"	"Japan"	0.37	0.8	-3.403	0.0436	0.151	3.33e-06	0.089	0.451	161.934	295600
"730"	"Japan"	0.557	0.917	-3.426	0.0757	0.00118	0.00914	0.419	0.653	158	302493
"731"	"Japan"	0.769	0.817	-5.409	0.103	0.0225	1.03e-06	0.244	0.896	118.021	182633
"732"	"Japan"	0.574	0.714	-1.969	0.0329	0.18	0	0.31	0.633	107.985	304933
"733"	"Japan"	0.502	0.632	-4.612	0.0273	0.447	0	0.103	0.308	152.014	307066
"734"	"Japan"	0.545	0.979	-2.8	0.153	0.00339	0.000118	0.0775	0.309	135.002	238586
"735"	"Japan"	0.825	0.652	-3.183	0.0802	0.581	0	0.0931	0.931	95.977	233712
"736"	"Japan"	0.598	0.878	-3.144	0.0634	0.0038	0	0.0468	0.901	125.529	213613
"737"	"Japan"	0.505	0.791	-3.729	0.0308	0.0839	0	0.187	0.425	169.964	236253
"738"	"Japan"	0.519	0.666	-6.163	0.0262	0.553	0.000169	0.0948	0.461	149.839	328626
"739"	"Japan"	0.63	0.8	-3.427	0.036	0.0851	0	0.0618	0.717	90.02	232439
"740"	"Japan"	0.425	0.916	-2.909	0.118	0.113	0.000398	0.108	0.659	199.694	235866
"741"	"Japan"	0.673	0.85	-5.021	0.0337	0.0345	1.14e-05	0.0943	0.793	100.008	235240
"742"	"Japan"	0.431	0.598	-3.733	0.0296	0.209	0	0.218	0.356	76.18	269786
"743"	"Japan"	0.746	0.773	-5.04	0.0442	0.137	0	0.771	0.733	100.993	208346
"744"	"Japan"	0.533	0.918	-2.095	0.0616	0.00894	0	0.643	0.662	92.504	211600
"745"	"Japan"	0.442	0.748	-5.448	0.0302	0.074	0	0.1	0.493	89.956	324053
"746"	"Japan"	0.764	0.32	-7.209	0.0546	0.837	0	0.0822	0.575	91.019	189486
"747"	"Japan"	0.759	0.548	-6.049	0.029	0.0392	0	0.0828	0.749	116.967	190799
"748"	"Japan"	0.335	0.625	-7.462	0.0386	0.164	0	0.0708	0.346	150.277	241106
"749"	"Japan"	0.584	0.849	-3.983	0.0403	0.1	0	0.304	0.707	139.032	289845
"750"	"UnitedKingdom"	0.825	0.593	-6.401	0.0988	0.688	0.000161	0.17	0.54	98.078	209754
"751"	"UnitedKingdom"	0.335	0.625	-7.462	0.0386	0.164	0	0.0708	0.346	150.277	241106
"752"	"UnitedKingdom"	0.735	0.478	-12.472	0.0293	0.189	2.48e-06	0.355	0.947	107.682	262960
"753"	"UnitedKingdom"	0.817	0.781	-4.178	0.112	0.00838	5.21e-06	0.123	0.359	104	216706
"754"	"UnitedKingdom"	0.459	0.575	-4.858	0.0573	0.604	0	0.0885	0.183	111.881	215106
"755"	"UnitedKingdom"	0.794	0.793	-4.521	0.0842	0.0125	0	0.0952	0.677	123.941	183290
"756"	"UnitedKingdom"	0.621	0.601	-5.616	0.148	0.0522	0	0.46	0.457	116.735	163636
"757"	"UnitedKingdom"	0.501	0.405	-5.679	0.0319	0.751	0	0.105	0.446	109.891	182160
"758"	"UnitedKingdom"	0.589	0.472	-8.749	0.0502	0.614	0	0.505	0.898	67.196	126266
"759"	"UnitedKingdom"	0.319	0.651	-6.335	0.0342	0.501	4.73e-05	0.241	0.474	118.501	272200
"760"	"UnitedKingdom"	0.339	0.214	-11.714	0.0375	0.908	7.47e-06	0.341	0.363	94.775	206639
"761"	"UnitedKingdom"	0.525	0.621	-7.364	0.116	0.0489	0	0.294	0.591	191.9	204093
"762"	"UnitedKingdom"	0.599	0.642	-6.936	0.0363	0.164	3.33e-05	0.0992	0.349	115.412	222533
"763"	"UnitedKingdom"	0.882	0.78	-4.256	0.0939	0.159	5.22e-05	0.0973	0.867	117.945	157605
"764"	"UnitedKingdom"	0.704	0.225	-14.454	0.0994	0.902	0.657	0.106	0.243	120.006	245425
"765"	"UnitedKingdom"	0.676	0.771	-3.675	0.0483	0.0237	7e-06	0.102	0.569	99.048	207133
"766"	"UnitedKingdom"	0.24	0.598	-8.435	0.037	0.766	0	0.117	0.776	202.082	151933
"767"	"UnitedKingdom"	0.695	0.762	-3.497	0.0395	0.192	0.00244	0.0863	0.553	120.042	215280
"768"	"UnitedKingdom"	0.778	0.559	-7.109	0.0776	0.128	0	0.399	0.678	129.989	185093
"769"	"UnitedKingdom"	0.701	0.425	-10.965	0.375	0.328	0.13	0.1	0.562	135.128	194087
"770"	"UnitedKingdom"	0.534	0.905	-3.315	0.0369	0.129	0	0.128	0.961	202.899	220160
"771"	"UnitedKingdom"	0.531	0.75	-5.831	0.111	0.00632	7.6e-05	0.117	0.198	169.954	200080
"772"	"UnitedKingdom"	0.736	0.308	-7.83	0.0677	0.946	0	0.186	0.361	111.202	220492
"773"	"UnitedKingdom"	0.598	0.526	-8.659	0.0415	0.129	0	0.14	0.529	123.935	168387
"774"	"UnitedKingdom"	0.857	0.621	-6.376	0.0824	0.148	0	0.0865	0.668	97.986	204466
"775"	"UnitedKingdom"	0.526	0.925	-5.584	0.0363	0.102	8.9e-06	0.305	0.819	140.308	272393
"776"	"UnitedKingdom"	0.903	0.839	-9.447	0.208	0.0939	0	0.102	0.727	133.986	190537
"777"	"UnitedKingdom"	0.513	0.583	-10.863	0.038	0.355	1.96e-05	0.18	0.866	180.184	241626
"778"	"UnitedKingdom"	0.509	0.812	-5.438	0.0537	0.0013	1.99e-05	0.214	0.689	159.876	229640
"779"	"UnitedKingdom"	0.812	0.496	-5.969	0.297	0.271	0	0.0955	0.55	109.979	241293
"780"	"UnitedKingdom"	0.754	0.424	-8.463	0.0363	0.643	0	0.0652	0.806	119.705	130973
"781"	"UnitedKingdom"	0.647	0.465	-8.308	0.0428	0.865	0	0.0882	0.699	151.251	119786
"782"	"UnitedKingdom"	0.658	0.56	-9.049	0.0467	0.498	0	0.0794	0.854	161.994	182946
"783"	"UnitedKingdom"	0.328	0.607	-11.076	0.0315	0.319	0	0.765	0.395	146.539	213880
"784"	"UnitedKingdom"	0.682	0.653	-6.062	0.339	0.13	0.00116	0.129	0.428	188.115	196266
"785"	"UnitedKingdom"	0.891	0.675	-6.892	0.152	0.11	0	0.275	0.562	127.012	217704
"786"	"UnitedKingdom"	0.639	0.815	-3.845	0.0362	0.468	0	0.344	0.758	112.985	239586
"787"	"UnitedKingdom"	0.591	0.8	-4.956	0.286	0.353	0	0.247	0.596	139.473	175462
"788"	"UnitedKingdom"	0.513	0.796	-4.075	0.0629	0.00147	0.000209	0.0938	0.345	171.017	201573
"789"	"UnitedKingdom"	0.764	0.32	-7.209	0.0546	0.837	0	0.0822	0.575	91.019	189486
"790"	"UnitedKingdom"	0.575	0.621	-8.165	0.032	0.0392	0.0045	0.141	0.27	101.987	172213
"791"	"UnitedKingdom"	0.774	0.511	-8.914	0.0319	0.322	0	0.0672	0.771	94.736	227653
"792"	"UnitedKingdom"	0.759	0.548	-6.049	0.029	0.0392	0	0.0828	0.749	116.967	190799
"793"	"UnitedKingdom"	0.798	0.675	-5.041	0.0442	0.0912	0	0.0894	0.842	101.956	219946
"794"	"UnitedKingdom"	0.784	0.43	-8.756	0.0364	0.123	0	0.0887	0.236	127.087	159381
"795"	"UnitedKingdom"	0.859	0.619	-9.434	0.121	0.137	0	0.0933	0.631	132.01	221818
"796"	"UnitedKingdom"	0.653	0.259	-13.336	0.0595	0.903	0	0.362	0.835	142.157	155453
"797"	"UnitedKingdom"	0.755	0.522	-4.368	0.0575	0.533	0	0.0685	0.925	89.96	157560
"798"	"UnitedKingdom"	0.598	0.427	-8.764	0.0317	0.0546	5.83e-06	0.21	0.0605	76.469	175720
"799"	"UnitedKingdom"	0.737	0.828	-4.711	0.0396	0.0149	0.000583	0.0862	0.517	124.052	208473
"800"	"UnitedStates"	0.676	0.771	-3.675	0.0483	0.0237	7e-06	0.102	0.569	99.048	207133
"801"	"UnitedStates"	0.621	0.601	-5.616	0.148	0.0522	0	0.46	0.457	116.735	163636
"802"	"UnitedStates"	0.695	0.762	-3.497	0.0395	0.192	0.00244	0.0863	0.553	120.042	215280
"803"	"UnitedStates"	0.531	0.75	-5.831	0.111	0.00632	7.6e-05	0.117	0.198	169.954	200080
"804"	"UnitedStates"	0.755	0.522	-4.368	0.0575	0.533	0	0.0685	0.925	89.96	157560
"805"	"UnitedStates"	0.513	0.796	-4.075	0.0629	0.00147	0.000209	0.0938	0.345	171.017	201573
"806"	"UnitedStates"	0.598	0.427	-8.764	0.0317	0.0546	5.83e-06	0.21	0.0605	76.469	175720
"807"	"UnitedStates"	0.784	0.43	-8.756	0.0364	0.123	0	0.0887	0.236	127.087	159381
"808"	"UnitedStates"	0.769	0.787	-3.909	0.367	0.189	0	0.129	0.836	126.77	159714
"809"	"UnitedStates"	0.704	0.225	-14.454	0.0994	0.902	0.657	0.106	0.243	120.006	245425
"810"	"UnitedStates"	0.335	0.625	-7.462	0.0386	0.164	0	0.0708	0.346	150.277	241106
"811"	"UnitedStates"	0.474	0.631	-5.884	0.343	0.0687	0	0.132	0.425	180.051	189322
"812"	"UnitedStates"	0.548	0.816	-4.209	0.0465	0.122	0	0.335	0.557	95.39	174000
"813"	"UnitedStates"	0.501	0.405	-5.679	0.0319	0.751	0	0.105	0.446	109.891	182160
"814"	"UnitedStates"	0.701	0.425	-10.965	0.375	0.328	0.13	0.1	0.562	135.128	194087
"815"	"UnitedStates"	0.825	0.593	-6.401	0.0988	0.688	0.000161	0.17	0.54	98.078	209754
"816"	"UnitedStates"	0.715	0.624	-3.046	0.114	0.11	0	0.123	0.412	158.087	173325
"817"	"UnitedStates"	0.589	0.472	-8.749	0.0502	0.614	0	0.505	0.898	67.196	126266
"818"	"UnitedStates"	0.778	0.559	-7.109	0.0776	0.128	0	0.399	0.678	129.989	185093
"819"	"UnitedStates"	0.759	0.548	-6.049	0.029	0.0392	0	0.0828	0.749	116.967	190799
"820"	"UnitedStates"	0.745	0.642	-6.257	0.287	0.0204	0	0.0658	0.226	179.974	131240
"821"	"UnitedStates"	0.799	0.526	-5.153	0.0717	0.334	0.00174	0.0571	0.746	129.875	150475
"822"	"UnitedStates"	0.698	0.454	-6.756	0.151	0.123	0	0.155	0.137	92.932	260640
"823"	"UnitedStates"	0.809	0.545	-6.678	0.0735	0.392	0	0.151	0.244	97.008	180434
"824"	"UnitedStates"	0.754	0.424	-8.463	0.0363	0.643	0	0.0652	0.806	119.705	130973
"825"	"UnitedStates"	0.778	0.317	-10.732	0.334	0.592	0	0.0881	0.327	140.048	178626
"826"	"UnitedStates"	0.58	0.653	-3.818	0.0745	0.447	0	0.111	0.175	150.231	174960
"827"	"UnitedStates"	0.829	0.539	-7.359	0.208	0.136	1.78e-06	0.103	0.388	99.96	149546
"828"	"UnitedStates"	0.876	0.662	-6.482	0.426	0.0608	0	0.127	0.844	75.445	163320
"829"	"UnitedStates"	0.525	0.621	-7.364	0.116	0.0489	0	0.294	0.591	191.9	204093
"830"	"UnitedStates"	0.724	0.491	-6.024	0.0296	0.018	1.29e-05	0.0887	0.383	105.046	170746
"831"	"UnitedStates"	0.837	0.364	-11.713	0.276	0.149	0	0.271	0.463	123.984	213593
"832"	"UnitedStates"	0.764	0.32	-7.209	0.0546	0.837	0	0.0822	0.575	91.019	189486
"833"	"UnitedStates"	0.575	0.621	-8.165	0.032	0.0392	0.0045	0.141	0.27	101.987	172213
"834"	"UnitedStates"	0.24	0.598	-8.435	0.037	0.766	0	0.117	0.776	202.082	151933
"835"	"UnitedStates"	0.787	0.713	-5.252	0.401	0.0849	0	0.717	0.762	175.041	148759
"836"	"UnitedStates"	0.932	0.547	-7.787	0.333	0.0388	0	0.0924	0.695	94.998	176640
"837"	"UnitedStates"	0.757	0.673	-8.513	0.141	0.095	0	0.338	0.574	92.958	185806
"838"	"UnitedStates"	0.831	0.502	-4.045	0.046	0.101	0	0.122	0.101	100.541	205426
"839"	"UnitedStates"	0.505	0.34	-9.005	0.0438	0.576	0	0.21	0.0916	101.993	206458
"840"	"UnitedStates"	0.886	0.479	-8.054	0.334	0.077	0	0.135	0.408	130.029	158691
"841"	"UnitedStates"	0.735	0.478	-12.472	0.0293	0.189	2.48e-06	0.355	0.947	107.682	262960
"842"	"UnitedStates"	0.835	0.462	-6.227	0.155	0.513	0	0.0875	0.702	78.99	121671
"843"	"UnitedStates"	0.778	0.573	-7.339	0.251	0.015	0	0.464	0.269	140.114	198848
"844"	"UnitedStates"	0.882	0.602	-5.554	0.245	0.0177	0	0.178	0.43	142.959	183011
"845"	"UnitedStates"	0.794	0.793	-4.521	0.0842	0.0125	0	0.0952	0.677	123.941	183290
"846"	"UnitedStates"	0.367	0.111	-14.084	0.0972	0.978	3.97e-05	0.0897	0.198	82.642	196077
"847"	"UnitedStates"	0.499	0.8	-2.665	0.0502	0.0906	0	0.147	0.272	139.919	229573
"848"	"UnitedStates"	0.768	0.652	-2.708	0.307	0.113	0	0.107	0.777	154.187	144935
"849"	"UnitedStates"	0.598	0.68	-4.505	0.0331	0.06	0	0.324	0.437	134.002	228026
